163.951 -417.02 45 5 0 39 0 40 0 41 0 42 0 43 0 44 40.0185 45 10.0028 46 10.0028 47 10.0028 48 10.0028 49 12.0185 50 12.0185 51 14.0198 52 14.0198 53 16.0215 54 16.0215 55 18.0368 56 18.0368 57 20.0414 58 20.0414 59 14.8356 60 12.0341 61 16.5679 62 16.5679 63 18.5594 64 22.2269 65 26.0106 66 26.0106 67 26.9273 68 26.9273 69 22.0972 70 22.0972 71 25.0804 72 25.0804 73 27.6792 74 27.6792 75 29.5624 76 29.5624 77 33.6096 78 33.6096 79 33.6096 80 37.8431 81 37.8431 82 37.8431 83 45 60 47 63 64 
1550.58 -345.268 0 0 
-1199.03 -869.283 4 0 2.02884 209 2.20623 210 2.40402 211 2.59572 212 
-5209.9 -56.6721 54 4 1.00666e-06 6 1.07332e-06 7 1.15832e-06 8 1.19999e-06 9 1.34499e-06 10 1.48665e-06 11 16.0363 12 2.14165e-06 13 2.28332e-06 14 16.0363 15 16.0363 16 30.0277 17 30.0277 18 30.0277 19 30.0277 20 30.0277 21 30.0277 22 35.0778 23 35.0778 24 35.0778 25 35.0778 26 35.0778 27 35.0778 28 10.0549 175 10.0549 176 10.0549 177 10.0549 178 10.0549 179 5.34558 180 5.34558 181 5.34558 182 5.34558 183 5.34558 184 5.34558 185 15.7237 186 15.7237 187 15.7237 188 15.7237 189 15.7237 190 15.7237 191 15.7237 192 15.7237 193 20.2501 194 20.2501 195 20.2501 196 20.2501 197 20.2501 198 25.3359 199 25.3359 200 25.3359 201 25.3359 202 25.3359 203 25.3359 204 25.3359 205 22 16 15 21 
17577.8 262.944 2 0 5.21669e-07 4 0.216677 5 
19915.9 1454.15 14 2 5.23164e-06 110 5.71497e-06 111 0.933024 112 3.48331e-07 113 4.56666e-07 114 8.66667e-07 115 9.76682e-07 116 4.3461 117 4.3461 118 4.3461 119 6.73314 120 6.73314 121 6.73314 122 6.73314 123 123 122 
3253.52 -38.098 56 2 7.64997e-07 0 0.249955 1 0.599929 2 0.983291 3 2.39955 84 2.39955 85 3.24939 86 3.24939 87 3.24939 88 3.24939 89 5.78274 90 5.78274 91 7.91581 92 7.91581 93 1.08332e-07 94 1.33309e-07 95 3.91643e-07 96 5.51646e-07 97 8.05152 98 8.05152 99 16.3848 100 18.321 101 1.75426 213 1.75426 214 1.75426 215 1.75426 216 1.75426 217 1.75426 218 1.75426 219 1.75426 220 1.75426 221 1.75426 222 1.75426 223 4.03335 224 4.03335 225 5.54249 226 5.54249 227 9.13716 228 9.13716 229 11.8961 230 11.8961 231 7.08325 232 24.8816 233 24.8816 234 24.8816 235 24.8816 236 24.8816 237 24.8816 238 24.8816 239 24.8816 240 24.8816 241 15.6805 242 15.6805 243 30.3819 244 30.3819 245 30.3819 246 100 101 
-2985.07 -139.399 3 0 1.09998e-06 36 4.0156 37 2.00252 38 
23836.3 792.982 0 0 
8123.92 183.615 68 4 6.66909e-07 158 0.331013 159 4.522e-07 160 7.08387e-07 161 7.35292e-07 162 1.9761 163 1.9761 164 1.9761 165 1.9761 166 1.9761 167 1.9761 168 1.9761 169 1.9761 170 1.9761 171 1.9761 172 5.05505 173 5.05505 174 10.7432 250 11.7854 251 10.8462 252 11.2716 253 11.7017 254 12.1063 255 12.2663 256 12.646 257 16.1049 258 16.1049 259 16.8167 260 16.8167 261 17.203 262 17.203 263 17.695 264 17.695 265 18.5005 266 18.5005 267 23.2154 268 23.4922 269 23.9325 270 24.3698 271 24.7572 272 24.9812 273 25.1491 274 25.3117 275 25.4771 276 25.6432 277 25.8606 278 26.0804 279 26.3054 280 26.4735 281 26.6996 282 26.9282 283 25.2368 284 25.7958 285 26.0198 286 26.1308 287 26.2974 288 26.2974 289 26.4691 290 26.5249 291 27.1994 292 27.5412 293 27.5412 294 28.1006 295 28.3862 296 35.3999 297 35.3999 298 35.3999 299 35.3999 300 299 300 297 298 
5715.27 -1049.97 2 0 4.02407 247 5.00939 248 
