4 2610.78 466.301 0 
4 3039.97 454.506 1 
4 3566.3 452.821 2 
4 4005.03 444.396 3 
4 17393.9 1616.9 4 
4 17788.6 1636.84 5 
0 -5377.53 -10.004 6 
0 -4969.91 -38.4304 7 
0 -5082.27 -130.451 8 
0 -5222.96 -292.869 9 
0 -5337.85 -296.543 10 
0 -4804.66 -199.808 11 
0 -5962.04 562.808 12 
3 -5598.95 444.231 13 
3 -4960.59 442.265 14 
3 -5584.75 530.896 15 
3 -4997.57 530.896 16 
2 -6108.05 661.691 17 
2 -5964.08 665.173 18 
2 -4416.24 581.914 19 
2 -4302.74 578.432 20 
1 -5317.96 969.05 21 
1 -5099.37 970.791 22 
1 -4098.21 -255.261 23 
1 -3985.61 -241.611 24 
0 -3719.18 200.093 25 
0 -3437.69 136.392 26 
0 -3638.17 -61.5347 27 
0 -3812.56 -204.861 28 
0 -3024.01 -54.3579 29 
0 -2849.62 -47.5329 30 
0 -2679.37 -49.8079 31 
0 -2548.9 -40.7078 32 
0 -2400.6 -38.4328 33 
0 -2248.2 -52.0829 34 
0 -2104.02 -49.8079 35 
4 -2846.21 473.101 36 
4 -1611.75 477.651 37 
4 -2259.51 481.292 38 
2 444.183 -125.832 39 
2 53.2412 -128.304 40 
3 288.722 214.206 41 
2 824.68 39.8027 42 
4 -77.6235 56.2158 43 
4 509.271 58.9395 44 
6 952.507 465.711 45 
5 999.437 385.848 46 
5 -119.124 474.386 47 
0 1219.07 -498.451 48 
0 -771.557 -850.926 49 
0 1221.3 -499.217 50 
0 -773.134 -848.314 51 
0 1219.03 -502.42 52 
0 -773.801 -853.163 53 
0 1219.86 -504.205 54 
0 -775.07 -853.508 55 
0 1220.35 -501.752 56 
0 -775.338 -859.375 57 
0 1220.51 -505.072 58 
0 -773.576 -856.511 59 
1 -287.867 464.169 60 
1 691.742 471.132 61 
2 -625.124 516.629 62 
2 858.822 468.875 63 
3 306.62 815.213 64 
0 114.426 667.859 65 
3 -396.038 527.835 66 
3 694.473 650.677 67 
1 -89.2313 485.215 68 
1 449.868 555.735 69 
0 1230.9 -235.253 70 
0 -821.007 -333.071 71 
0 1220.91 -517.055 72 
0 -817.626 -834.56 73 
0 -816.503 -828.436 74 
0 1220.14 -516.967 75 
0 -821.839 -706.523 76 
0 1224.53 -514.18 77 
5 -92.1043 372.408 78 
3 743.295 696.782 79 
3 1083.7 376.355 80 
0 -495.344 555.92 81 
0 195.103 759.825 82 
0 826.704 850.818 83 
5 4151.82 778.501 84 
5 2643.27 682.36 85 
0 2938 853.439 86 
0 3578.61 835.915 87 
3 2457.34 770.964 88 
3 4093.88 726.679 89 
2 2945.43 1207.37 90 
2 3437.62 1176.79 91 
0 2432.73 1087.25 92 
0 2613.2 1066.87 93 
0 3835.81 1018.1 94 
0 4061.4 1007.91 95 
0 3662.9 1042.59 96 
0 3079.86 1000.89 97 
0 3729.96 1011.08 98 
0 3949.4 1007.69 99 
6 2725.07 715.534 100 
6 3551.55 718.932 101 
6 5257.18 -133.162 102 
0 4466.33 -74.4764 103 
0 4601.68 391.439 104 
5 4972.87 415.223 105 
0 6025.02 -620.386 106 
5 5526.68 630.942 107 
5 6192.09 626.17 108 
5 7790.69 378.612 109 
6 20778.2 1103.33 110 
6 20626.1 1098.39 111 
6 19033.4 2101.51 112 
4 20414.3 1898.91 113 
4 19537.5 1908.79 114 
5 20417.3 1226.87 115 
5 20280.1 1276.28 116 
6 19146.7 2096.57 117 
6 20262.2 2076.8 118 
6 19609 2096.57 119 
6 19251.1 2311.91 120 
6 19722.4 2326.73 121 
6 20330.1 2355.92 122 
6 20748.4 2297.08 123 
5 18527.8 1435.01 124 
5 18406.7 1440.42 125 
4 18021.4 1902.84 126 
4 18423.6 1894.81 127 
1 18302 1441.18 128 
1 18189.1 1436.62 129 
0 18076.6 1445.19 130 
0 17979.7 1437.16 131 
6 17487.7 -107.925 132 
3 13778.6 746.88 133 
3 13610.7 642.607 134 
3 13937.8 818.816 135 
2 14409.6 502.299 136 
2 13680.2 248.126 137 
2 14965.4 425.568 138 
3 15084.1 382.406 139 
2 15313.3 166.599 140 
2 15440.6 109.051 141 
0 15029.6 -135.53 142 
0 15168.5 -149.917 143 
1 15319.1 -154.713 144 
1 15446.4 -159.509 145 
5 14297 -195.465 146 
1 14148 -205.001 147 
1 13988.8 -190.614 148 
0 13838.3 -195.41 149 
0 13690.7 -195.41 150 
0 12128.9 -190.614 151 
0 12215.8 -195.41 152 
1 12331.5 -205.001 153 
1 12467.6 -214.592 154 
1 12583.4 -214.592 155 
2 12702.1 -219.388 156 
5 12820.7 -214.592 157 
4 8019.92 637.466 158 
4 8188.3 637.466 159 
1 8336.87 -14.8274 160 
0 8478.01 -23.0323 161 
0 8611.73 -23.0323 162 
0 7214.77 810.329 163 
0 7353.93 841.3 164 
0 7470.25 830.976 165 
0 7630.19 834.418 166 
1 7823.36 817.211 167 
1 8350.94 820.652 168 
0 8479.72 800.005 169 
0 8637.58 813.77 170 
0 8753.9 820.652 171 
0 8888.91 820.652 172 
5 9017.69 813.77 173 
5 7208.54 947.981 174 
0 -6077.72 561.016 175 
0 -5818.63 543.349 176 
1 -5424.51 555.618 177 
0 -4749.66 540.424 178 
0 -4414.2 538.74 179 
0 -5293.31 532.217 180 
0 -4937.28 572.182 181 
0 -4432.73 567.128 182 
0 -4162.73 -395.782 183 
0 -6234.91 -500.984 184 
1 -5891.08 545.861 185 
0 -6225.06 -493.048 186 
0 -4180.95 -403.98 187 
1 -6057.68 569.893 188 
1 -5757.09 573.255 189 
1 -4693.75 556.449 190 
1 -4316.99 556.449 191 
1 -5871.53 746.697 192 
1 -5112.96 566.319 193 
3 -5585.09 680.543 194 
3 -4968.68 652.812 195 
2 -5903.18 676.25 196 
2 -5406.53 572.851 197 
2 -4759.92 557.7 198 
0 -6099.29 577.418 199 
1 -5804.14 589.181 200 
3 -5579.5 570.928 201 
3 -5017.18 555.803 202 
1 -4700.63 539.953 203 
1 -4353.79 550.036 204 
3 -4474.84 550.036 205 
0 -3523.36 -280.471 206 
0 -3666.54 -283.279 207 
0 -3318.81 123.902 208 
3 -2941.22 658.272 209 
3 -2653.1 657.278 210 
3 -2390.92 647.859 211 
3 -2112.09 638.497 212 
0 2310.81 866.017 213 
0 2479.34 878.387 214 
0 2704.61 876.326 215 
0 2919.87 868.079 216 
0 3090.07 863.955 217 
0 3265.28 861.893 218 
0 3673.82 804.652 219 
0 3804.7 809.476 220 
0 3956.54 805.353 221 
0 4135.97 815.274 222 
0 3473.17 835.891 223 
1 2749.94 798.398 224 
1 3659.36 689.126 225 
3 2910.34 785.614 226 
3 3392.58 808.293 227 
0 3109.67 979.931 228 
0 3535.18 996.424 229 
0 2904.43 1137.84 230 
0 3698.7 688.377 231 
6 3228.14 875.621 232 
0 2428.86 751.917 233 
0 2822.66 923.041 234 
0 2637.44 718.929 235 
0 2999.54 694.189 236 
0 3241.49 972.523 237 
0 3488.45 694.189 238 
0 3596.92 900.362 239 
0 3855.56 723.053 240 
0 4057.46 679.756 241 
5 2455.24 731.636 242 
5 3925.74 698.988 243 
5 2740.78 681.843 244 
5 3522.46 680.512 245 
5 4093.52 728.5 246 
4 5862.16 408.91 247 
4 5577.36 441.221 248 
1 6361.45 276.377 249 
6 7317.54 807.114 250 
6 8819.71 786.49 251 
1 7455.22 801.453 252 
1 7590.54 788.253 253 
1 7731.7 788.995 254 
1 8664.81 790.89 255 
1 8529.49 795.29 256 
1 8395.95 795.29 257 
5 7237.22 795.071 258 
5 8867.93 791.911 259 
3 7381.53 786.363 260 
3 8752.1 790.763 261 
3 7512.39 790.763 262 
3 8621.46 795.162 263 
3 7642.18 780.15 264 
3 8496.82 786.75 265 
3 8365.06 792.377 266 
3 7775.72 799.349 267 
0 7344.83 854.671 268 
0 8477.23 1107.66 269 
0 8024.99 1090.06 270 
0 7585.2 1046.07 271 
0 7838.03 1024.07 272 
0 8295.62 1090.06 273 
0 8633.92 889.87 274 
0 8379.31 793.073 275 
0 7690.25 839.272 276 
0 7907.47 788.673 277 
0 8178.11 1004.27 278 
0 8445.19 936.069 279 
0 7540.69 874.471 280 
0 8584.07 815.072 281 
0 8154.96 788.673 282 
0 8653.5 1063.67 283 
1 7708.06 916.27 284 
1 8462.99 936.069 285 
1 7465.91 786.473 286 
1 7328.81 1057.07 287 
1 8658.85 1068.07 288 
1 8884.7 817.272 289 
0 8799.23 953.668 290 
1 8067.45 764.474 291 
1 7709.56 1039.47 292 
1 8726.23 777.673 293 
0 7483.44 1037.27 294 
0 7584.93 784.273 295 
1 8560.65 982.268 296 
6 7406.82 791.192 297 
6 7701.26 793.466 298 
6 8519.37 803.991 299 
6 8841.42 806.264 300 
0 9559.58 -649.043 301 
0 9894.51 -646.769 302 
0 10198.2 -644.495 303 
0 10378.3 -588.093 304 
0 10486.8 -535.796 305 
0 10545.7 -508.51 306 
0 11002.1 -258.392 307 
0 10661.7 -442.57 308 
0 10722.4 -406.189 309 
0 10878.8 -326.606 310 
0 10827.3 -353.892 311 
0 11053.6 -228.833 312 
0 11177 -149.25 313 
1 10604.6 -469.856 314 
1 10775.8 -376.63 315 
1 10939.5 -292.499 316 
1 11121.8 -183.357 317 
0 9666.61 -626.748 318 
0 9778.87 -619.926 319 
0 10062.3 -633.569 320 
7 24515 842.61 321 
