0 6833.9 -43.6258 0 
0 5861.47 -395.49 1 
1 5016.39 154.298 2 
0 3616.21 -441.064 3 
1 2850.86 -422.214 4 
0 1548.85 -497.614 5 
1 -1494.13 -442.964 6 
0 -2461.16 -449.247 7 
1 -5214.42 -232.244 8 
0 -4184.59 110.195 9 
1 -130.174 -699.587 10 
0 680.939 29.2748 11 
0 98.6668 101.533 12 
1 -503.946 -77.5412 13 
0 11280.7 307.83 14 
1 9335.81 593.988 15 
0 16226.1 582.851 16 
0 21241.8 996.175 17 
0 21352.8 906.72 18 
0 21461.4 802.357 19 
0 17777.8 394.416 20 
0 17403.2 1063.34 21 
1 17784.9 1743.39 22 
