1 1 17659 603.897 
1 1 17902 603.897 
2 1 22987.3 927.632 
2 1 23474.5 925.119 
3 1 6722.54 -118.47 
3 1 7950.56 -117.132 
4 1 5460 -64.3422 
4 1 5672.24 -66.964 
5 0 -6474.52 -411.615 
5 0 -6449.09 -566.623 
5 0 -5954 -578.323 
5 0 -4305.58 -575.976 
5 0 -3862.93 -363.639 
5 0 -3433.09 -362.006 
5 0 -3356.29 -231.888 
5 0 -3259.74 -170.405 
5 0 -3137.75 -154.252 
5 0 -3136.21 -360.306 
5 0 -3080.28 -328.294 
5 0 -3032.49 -368.73 
5 0 -3037.1 -527.196 
5 0 -1581.48 -524.083 
5 0 -1465.18 -545.048 
5 0 -1419.48 -610.334 
5 0 -1352.92 -669.791 
5 0 -1232.93 -664.34 
5 0 -998.233 -683.556 
5 0 -868.603 -1036.05 
5 0 -365.203 -786.938 
5 0 800.413 -785.253 
5 0 1157.8 -612.231 
5 0 2102.43 -613.464 
6 1 1651.3 -571.066 
6 1 1810.59 -489.187 
6 1 1970.74 -387.658 
7 0 -6815.8 -311.299 
7 0 -6798.83 -469.738 
7 0 -6849.73 -528.513 
7 0 -6849.73 -684.396 
8 0 -6597.42 -235.685 
8 0 -6577.11 -178.437 
8 0 -6471.32 -225.575 
9 0 20534.6 966.397 
9 0 21035.7 968.111 
10 0 11622 -447.99 
10 0 12056.2 -395.881 
11 1 14337.5 370.924 
11 1 14509.5 374.288 
12 1 5461.09 138.379 
12 1 5680.04 139.69 
13 1 -5708.8 203.275 
13 1 -5484.86 203.275 
14 1 -3700.01 -118.259 
14 1 -3586.38 -117.336 
15 1 2701.58 -124.572 
15 1 3602.82 -115.818 
16 1 -3862.65 -254.84 
16 1 -3748.47 -252.994 
17 1 7.47114 -229.491 
17 1 487.772 -228.298 
18 1 -6125.76 -437.067 
18 1 -6010.54 -442.794 
19 0 5024.33 -735.512 
19 0 5511.38 -735.512 
19 0 6126.9 -734.201 
19 0 6117.96 167.683 
20 0 13488.2 -283.945 
20 0 14380.7 -284.872 
21 1 5799.24 -455.045 
21 1 5921.25 -456.636 
22 1 5751.53 45.3066 
22 1 5964.9 45.3066 
23 1 -3120.7 -123.023 
23 1 -2025.34 -124.036 
23 1 -1806.21 -301.035 
24 1 15222.1 97.3095 
24 1 15517.7 -34.9133 
25 1 -59.1891 -660.868 
25 1 82.1183 -671.707 
26 1 2123.86 -438.859 
26 1 2376.31 -438.859 
27 0 12073.2 -300.348 
27 0 12960.4 -300.348 
28 1 17659.1 1372.72 
28 1 17905.7 1374.38 
29 1 -3520.9 32.1675 
29 1 -3183.73 33.1217 
30 0 9283.6 -160.478 
30 0 9282.36 -781.111 
31 1 4126.83 -26.6288 
31 1 4355.12 -27.481 
32 0 21035.7 968.111 
32 0 22052.1 236.044 
32 0 24778.2 228.846 
32 0 24778.2 1290.41 
33 1 13553.4 401.737 
33 1 14063.9 568.241 
34 1 -5118.41 201.902 
34 1 -4894.67 201.902 
35 0 14981.1 -271.508 
35 0 17916.5 -263.618 
36 1 -4569.32 38.0694 
36 1 -4120.46 38.0694 
37 1 -4885.19 -276.988 
37 1 -4437.91 -275.143 
38 1 17658.2 864.05 
38 1 17900.3 862.759 
39 1 23083 495.087 
39 1 23568.2 495.087 
40 1 17559.5 -269.177 
40 1 17727.8 -84.1417 
41 1 2370.23 -288.704 
41 1 2596.94 -290.724 
42 1 447.818 -394.889 
42 1 672.086 -395.592 
43 1 2578.77 -493.615 
43 1 2905.55 -490.876 
44 1 22881.6 1307.42 
44 1 22878.1 135.719 
45 1 23421.2 716.293 
45 1 23906.5 717.55 
46 1 -5405.1 -360.291 
46 1 -5141.14 -359.745 
47 0 8382.79 -739.357 
47 0 10268.1 -734.48 
47 0 11157.8 -327.272 
47 0 11619.3 -330.13 
48 1 -5935.44 -198.015 
48 1 -5711.06 -194.704 
48 1 -5550.85 -76.6468 
48 1 -5329.32 -79.4 
49 0 17271.8 1391.99 
49 0 17272.7 197.467 
50 0 4113.64 -779.454 
50 0 4173.88 -606.062 
50 0 4232.51 -538.047 
50 0 4275.69 -437.374 
50 0 4350.46 -421.559 
50 0 4425.23 -318.765 
50 0 4525.73 -300.619 
50 0 4571.66 -227.788 
50 0 4627.16 -148.827 
50 0 4712.92 -113.503 
50 0 4796.49 -103.217 
50 0 4835.69 -36.6205 
50 0 4877.73 46.4958 
50 0 4965.18 67.2749 
50 0 5056.77 48.0187 
50 0 5054.29 -770.861 
51 1 17942.5 1346.08 
51 1 18591.5 1345.46 
52 1 5567.24 -683.077 
52 1 5749.32 -483.823 
53 1 -6378.1 -360.709 
53 1 -6182.22 -364.527 
54 1 17278.9 470.406 
54 1 17522.7 471.698 
55 0 18937.4 1211.45 
55 0 20205.1 1173.61 
55 0 20469.2 974.156 
55 0 20534 963.925 
56 1 13631.5 78.2802 
56 1 13785.9 132.1 
57 1 14927.6 317.681 
57 1 15126.2 222.939 
58 0 5457.01 302.297 
58 0 5459.04 -364.91 
59 1 -292.562 -595.138 
59 1 -100.084 -596.099 
60 1 17276.4 732.307 
60 1 17519.4 733.599 
61 1 17659.9 333.952 
61 1 17900.2 334.921 
62 1 8245.75 -135.039 
62 1 9423.28 -133.545 
63 1 3562.95 -512.305 
63 1 3892.42 -511.88 
64 1 17273 204.792 
64 1 17518.5 204.792 
65 1 68.89 -1.17232 
65 1 233.41 116.513 
65 1 346.145 117.272 
66 1 8722.87 -94.0488 
66 1 8926.14 -1.6343 
66 1 9126.72 -93.022 
67 1 5452.18 -263.596 
67 1 5670.01 -262.285 
68 1 5441.58 293.993 
68 1 5825.66 293.993 
68 1 5836.46 219.937 
68 1 5909.41 181.12 
68 1 5978.01 139.9 
68 1 6136.8 201.947 
68 1 6455.97 189.251 
68 1 6456.87 113.075 
68 1 6520.88 94.031 
68 1 6537.11 42.189 
68 1 6577.68 28.4349 
69 0 -8698.68 -460.885 
69 0 -7284 -461.689 
69 0 -7229.59 -414.63 
69 0 -7167.24 -378.063 
69 0 -7076.91 -376.963 
69 0 -7020.36 -331.849 
69 0 -6914.1 -334.05 
69 0 -6883.55 -271.33 
69 0 -6813.63 -311.442 
69 0 -6818.61 -201.392 
69 0 -6754.55 -199.707 
70 1 549.061 -38.9511 
70 1 885.847 -39.7952 
71 1 17659 1128.45 
71 1 17899.5 1127.16 
72 1 17274.7 998.377 
72 1 17520.2 1000.36 
73 1 17659.8 69.2922 
73 1 17892.3 67.9435 
74 1 5737.04 -309.477 
74 1 5961.57 -309.477 
75 0 17907.2 -338.203 
75 0 17903.7 1396.63 
76 0 12991 -328.884 
76 0 13283.8 -480.248 
76 0 13723.8 -479.007 
77 0 5438.7 -363.225 
77 0 5437.69 298.928 
78 1 3962.58 -336.804 
78 1 4202.42 -336.207 
79 1 -5108.06 -241.598 
79 1 -4907.05 -65.7392 
80 1 5744.85 -157.415 
80 1 5961.57 -158.726 
81 1 -653.296 -159.275 
81 1 -315.299 -157.651 
81 1 -159.724 -275.503 
82 1 17275.5 1260.19 
82 1 17516 1260.19 
83 1 133.634 -596.149 
83 1 472.962 -596.149 
84 1 -3836.08 138.064 
84 1 -3612.91 136.969 
85 1 3816.5 -161.426 
85 1 4056.96 -160.862 
86 1 4417.44 80.4983 
86 1 4731.47 82.8262 
