1 102 ailenplatform/b03.png 0.22517 0.22517 0 1 435.798 101.626 
1 117 ailenplatform/b01.png 0.22517 0.22517 0 1 2199.66 -461.375 
1 114 ailenplatform/b04.png -0.19 0.229 0 1 251.442 -249.778 
1 197 concrete/size_fit/concrete01.png 0.638263 0.638263 -28.3251 1 -8663.35 -425.112 
1 136 ailenplatform/b01.png 0.22517 0.22517 0 1 4522.48 73.8871 
0 0 building/building01.png 1.03174 1.32463 3.59933 2.3 6397.43 -1398.28 
0 17 concrete/size_fit/concrete02.png 0.566602 0.566602 17.9943 1 4508.04 -283.37 
1 200 asphart/01.png 0.95 0.95 0 1 -7527.81 -485.133 
2 3 asphart/high.png 0.268317 0.268317 0 0.94 2664.73 -186.498 
1 36 concrete/size_fit/concrete11.png 1.10689 1.10689 -72.2675 1 4931.91 -304.359 
0 35 concrete/extra/rock02.png -0.262711 0.262711 0 1 -3023.78 -449.659 
1 61 ailenplatform/b01.png 0.22517 0.22517 0 1 -4703.04 23.1562 
1 184 concrete/size_fit/concrete01.png 0.507703 0.507703 -34.7915 0.98 2711.1 -674.919 
0 10 concrete/size_fit/concrete04.png 1.26303 1.26303 17.9943 1 4446.09 -926.32 
1 193 concrete/size_fit/concrete09.png 1.37339 1.37339 -69.5797 1 4691.49 -697.821 
1 96 asphart/high.png 0.95 0.95 0 1 1396.02 -737.084 
1 168 car/car03.png -0.468522 0.468522 0 1 -126.047 -675.344 
1 43 deco/warning02.png 0.321129 0.321129 -49.7846 1 2113.87 -584.96 
1 171 1/airconditioner03.png 0.377757 0.377757 0 1 5577.85 -107.253 
1 8 asphart/01.png 0.95 0.95 0 1 -8468.7 -486.925 
1 5 building/building06.png 1 1 0 1 -8452.42 -225.339 
2 40 concrete/size_fit/concrete07.png 0.468948 0.468948 17.9943 0.98 2725 -273.104 
1 87 concrete/size_fit/concrete12.png 0.641295 0.641295 -25.0451 1 -1485.9 -558.016 
1 100 ailenplatform/b04.png 0.19 0.229 0 1 -5650.2 -152.748 
2 15 building/building01.png 0.333323 0.333323 0 0.94 2823.38 -39.7879 
0 12 concrete/size_fit/concrete01.png 0.692223 0.692223 -23.5602 1 4154.23 -882.513 
0 46 concrete/size_fit/concrete11.png 1.12192 1.12192 69.8707 1 4912.82 -50.5391 
1 3 building/building01.png 1 1 0 0.5 -11.7454 -442.224 
1 28 deco/steelfence12.png 0.417272 0.417272 0 1 5239.77 -447.963 
1 170 ailenplatform/b01.png 0.22517 0.22517 0 1 4390.37 -172.62 
1 56 concrete/size_fit/concrete03.png 0.324976 0.324976 9.99163 1 -7089.05 -329.648 
1 205 concrete/size_fit/concrete03.png 1.84099 1.84099 -162.698 2.2 4108.08 -1156.13 
1 4 building/building02.png 0.880406 0.880406 0 1 -7863.7 -117.275 
0 9 building/building06.png 1.29631 1.29631 0 1.3 -3190.53 -820.261 
2 32 concrete/size_fit/concrete05.png 0.468948 0.468948 17.9943 0.98 2765.43 -332.221 
0 38 skyplatform/monitor02.png 0.22517 0.22517 -38.9997 1 -1917.05 -201.268 
1 53 asphart/high.png 0.95 0.95 0 1 -3629.39 -501.156 
2 29 asphart/02.png 0.533417 0.533417 0.058818 0.98 4002.39 -730.431 
1 95 asphart/high.png 0.95 0.95 0 1 561.597 -906.673 
2 19 building/building01.png 0.57488 0.57488 0 0.98 4209.96 -381.656 
0 21 concrete/size_fit/concrete04.png 0.441661 0.441661 -11.0131 1 -7241.14 -436.382 
1 124 ailenplatform/b02.png 0.22517 0.22517 0 1 3197.35 -126.279 
2 23 asphart/high.png 0.268317 0.268317 0 0.94 3241.65 -189.481 
0 40 concrete/size_fit/concrete09.png 0.600043 0.600043 17.9943 1 4217.88 -576.626 
0 36 skyplatform/monitor02.png 0.22517 0.22517 0 1 -2432.92 -118.993 
1 151 concrete/size_fit/concrete11.png 1.80515 1.80515 55.0699 1 4887.05 -872.813 
1 94 asphart/up.png 0.95 0.95 0 1 940.407 -736.174 
1 22 concrete/size_fit/concrete01.png 1.44163 1.44163 -61.0449 1 -1596.92 -851.305 
0 3 building/building05.png 0.924656 1.07535 -0.169284 2.2 3038.61 -879.571 
1 84 concrete/size_fit/concrete04.png 1 1 -171.157 1 -1026.09 -821.58 
0 49 concrete/300x300/concrete05.png 0.581484 0.581484 -0.222088 1 -5942.18 -587.13 
1 63 ailenplatform/b01.png 0.22517 0.22517 0 1 -4246.5 -75.6258 
1 0 building/building01.png 1 1 0 1 -1503.33 -744.551 
1 169 ailenplatform/b03.png 0.22517 0.22517 0 1 3826.23 -514.485 
2 16 building/building03.png 0.27 0.4 0 0.94 3035.55 10.5232 
0 27 concrete/size_fit/concrete01.png 0.245677 0.245677 20.4106 1 -3387.41 -355.893 
2 18 building/building02.png -0.28 0.45 0 0.94 3922.26 1.9899 
1 41 concrete/size_fit/concrete05.png 1.52754 1.52754 -25.0319 1 -1199.06 -814.207 
1 152 asphart/high.png 0.95 0.95 0 1 5756.98 -860.424 
1 26 building/building06.png 1.30044 1.30044 0 1 9646.62 -414.921 
0 24 deco/airconditioner.png 0.150727 0.150727 91.9909 1 -6779.81 -227.678 
1 45 asphart/up.png 0.95 0.95 0 1 -843.836 -1033.88 
1 97 concrete/size_fit/concrete05.png 0.800871 0.800871 -46.5379 1 -3212.39 -341.906 
2 33 building/building05.png 0.741489 0.741489 0 0.98 2767.95 -482.17 
1 48 asphart/up.png 0.95 0.95 0 1 -577.154 -908.223 
2 37 asphart/02.png 0.533417 0.533417 0.058818 0.98 2943.98 -733.228 
1 141 deco/steelfence12.png 0.315929 0.315929 0 1 -6984.08 -232.731 
1 19 building/building03.png 0.691439 1 0 1 -1716.21 -3.88696 
1 44 building/building01.png 1 1 0 1 -5172.3 -54.7805 
0 5 building/building04.png 1.29637 1.44707 -0.169284 2.2 1942.17 -1464.91 
1 149 concrete/size_fit/concrete11.png 0.263337 0.263337 -0.222088 1 -5519.01 -306.022 
0 7 building/building02.png -0.924656 1.07535 -0.169284 2.2 82.4562 -1225.56 
1 185 concrete/size_fit/concrete09.png 0.333028 0.333028 17.9943 0.98 2628.32 -694.166 
2 24 building/building01.png 0.599815 0.599815 0 0.98 3515.75 -329.244 
1 107 ailenplatform/b02.png 0.22517 0.22517 0 1 716.931 -53.1133 
2 17 building/building03.png 0.27 0.4 0 0.94 3258.74 13.0388 
0 14 concrete01.png 0.278593 0.510929 0 1 4697.76 -692.704 
1 206 concrete/size_fit/concrete04.png 1.18362 1.18362 -92.9294 2.2 4110.22 -790.93 
1 119 ailenplatform/b01.png 0.22517 0.22517 0 1 2418.52 -304.53 
1 211 building/building04.png 1.16789 1.16789 0 1 -95.118 -246.776 
1 62 ailenplatform/b02.png 0.22517 0.22517 0 1 -4590.84 23.3111 
1 181 deco/warning01.png 0.177096 0.177096 100.427 0.98 3652.58 -718.226 
1 179 ailenplatform/b02.png 0.22517 0.22517 0 1 2742.43 -493.425 
1 51 asphart/02.png 0.95 0.95 0 1 -5778.6 -604.274 
1 1 building/building01.png 1 1 0 0.5 -802.883 -633.282 
1 64 ailenplatform/b02.png 0.22517 0.22517 0 1 -4136.5 -75.0536 
0 42 concrete/size_fit/concrete08.png 0.604846 0.604846 -109.997 1 4986 25.8975 
1 138 concrete/size_fit/concrete04.png 1 1 17.9943 1 4376.46 -564.545 
1 210 concrete/size_fit/concrete07.png 1.60529 1.60529 0.785804 2.2 3811.96 -1118.99 
2 2 asphart/high.png 0.66648 0.66648 0 0.98 2573.19 -823.823 
0 2 building/building02.png -1.03299 1.23319 -8.80108 2.2 5424.79 -1087.56 
0 26 concrete/size_fit/concrete03.png 0.747837 0.747837 47.4062 1 -3426.04 -323.692 
1 74 asphart/01.png 0.95 0.95 0 1 -2409 -544.547 
1 49 building/building01.png 0.875055 0.875055 0 1 -6690.75 -226.821 
1 194 concrete/size_fit/concrete05.png 0.505395 0.505395 -111.643 1 -8607.81 -420.156 
1 118 ailenplatform/b03.png 0.22517 0.22517 0 1 2288.74 -461.241 
1 17 ailenplatform/b03.png 0.22517 0.22517 0 1 4132.41 -353.208 
2 31 concrete/size_fit/concrete04.png 0.468948 0.468948 17.9943 0.98 2699.97 -323.336 
1 72 ailenplatform/b01.png 0.22517 0.22517 0 1 -3516.49 409.984 
1 40 concrete/size_fit/concrete11.png 1.03022 1.03022 -12.1144 1 4398.5 -691.547 
1 166 ailenplatform/b02.png 0.22517 0.22517 0 1 -3362.59 29.3688 
1 16 building/building01.png 1 1 0 1 5711.26 -180.377 
1 89 asphart/up.png 0.95 0.95 0 1 -4559.96 -502.353 
1 76 skyplatform/monitor02.png 0.22517 0.22517 0 1 -3002.14 -118.727 
0 47 car/car22.png -0.468522 0.468522 26.9227 1 -4631.17 -456.339 
1 23 building/building06.png 1.30044 1.30044 19.4626 1 10602 -305.266 
2 0 asphart/high.png 0.66648 0.66648 0 0.98 3201.91 -834.802 
2 13 concrete/size_fit/concrete06.png 1 1 -10.7144 1 -1477.62 -979.958 
1 173 asphart/high.png 0.95 0.95 0 1 9987.28 -859.933 
0 32 concrete/extra/rock.png 0.262711 0.262711 0 1 -1050.19 -1017.12 
1 91 asphart/03.png 0.95 0.95 0 1 -2879.34 -543.872 
0 6 building/building01.png -0.924656 1.07535 -0.169284 2.15 596.018 -1382.18 
1 143 concrete/size_fit/concrete11.png 0.263337 0.263337 -5.94552 1 -5495.71 -457.79 
0 50 concrete01.png 0.191141 0.423477 136.695 1 5677.23 -599.814 
2 6 concrete/size_fit/concrete08.png 2.57125 2.57125 -59.4347 1 -1497.22 -897.616 
1 116 concrete/size_fit/concrete05.png 0.655983 0.655983 17.9943 1 -1322.51 -831.69 
2 26 building/building02.png 0.4082 0.4082 0 0.98 3085.85 -252.522 
0 16 concrete/size_fit/concrete10.png 1 1 17.9943 1 4543.6 -743.228 
1 190 asphart/high.png 0.95 0.95 0 1 7179.26 -859.634 
1 31 1/airconditioner03.png 0.377757 0.377757 0 1 5860.28 -197.271 
1 108 ailenplatform/b03.png 0.22517 0.22517 0 1 829.498 -53.1883 
0 51 building/building02.png 1.11641 1.3 0 1.8 6976.44 -1174.81 
1 180 ailenplatform/b03.png 0.22517 0.22517 0 1 2854.58 -493.387 
1 25 deco/steelfence11.png 0.417272 0.417272 20.383 1 10559.5 -362.625 
2 30 asphart/02.png 0.533417 0.533417 0.058818 0.98 3736.52 -731.67 
0 1 building/building04.png -1.03299 1.23319 11.9944 1.8 5333.47 -1219.51 
0 33 concrete/size_fit/concrete03.png 0.747837 0.747837 -35.1649 1 -3171.64 -456.025 
1 201 concrete/size_fit/concrete01.png 1.47429 1.47429 -85.4349 2.2 3788.74 -908.351 
1 39 concrete/size_fit/concrete02.png 1.98824 1.98824 61.0642 1 4497.41 -601.869 
1 21 building/building03.png 0.691439 1 0 1 -2831.51 -4.61921 
1 78 concrete/size_fit/concrete09.png 0.793667 0.793667 -35.1169 1 -1299.65 -971.534 
1 128 ailenplatform/b01.png 0.22517 0.22517 0 1 3602.71 -514.913 
1 80 concrete/size_fit/concrete12.png 0.891678 0.891678 17.9943 1 -1034.23 -695.215 
2 1 asphart/high.png 0.66648 0.66648 0 0.98 2901.85 -828.961 
1 2 building/building01.png 1 1 0 0.5 -417.81 -579.366 
2 4 building/building05.png 0.333323 0.333323 0 1 2593.61 -49.8502 
0 4 building/building04.png 1.20806 1.35876 -0.169284 2.2 2539.12 -1222.7 
2 5 asphart/high.png 0.268317 0.268317 0 0.94 2329.22 -185.486 
1 6 deco/steelfence13.png 0.315929 0.315929 0 1 -8259.15 -243.052 
2 7 concrete01.png 0.367664 0.6 0 1 -1605.66 -865.061 
1 7 deco/steelfence13.png 0.315929 0.315929 0 1 -8557.75 -240.383 
0 54 building/building02.png -1.03299 1.23319 1.50171 2.2 4694.76 -1154.69 
0 8 building/building02.png 1.11641 1.3 0 1.8 6050.84 -1149.2 
1 177 asphart/high.png 0.95 0.95 0 1 9541.29 -860.471 
2 8 skyplatform/sky_platform02.png 0.393076 0.393076 0 0.5 -675.798 -184.415 
1 9 deco/steelfence13.png 0.315929 0.315929 0 1 -5724.71 -348.095 
2 9 concrete/size_fit/concrete11.png 1.16491 1.16491 133.845 0.97 -1339.47 -705.586 
1 10 deco/steelfence13.png 0.315929 0.315929 0 1 -6012.63 -349.468 
2 10 building/building01.png 0.425057 0.425057 12.0011 0.5 -2355.3 -341.518 
2 11 building/building01.png 0.425057 0.425057 0 0.5 -2616.94 -341.189 
0 11 concrete/size_fit/concrete09.png 0.987609 0.987609 -33.9628 1 4303.72 -889.253 
1 11 deco/steelfence13.png 0.477957 0.477957 0 1 -1078.18 -798.685 
1 85 concrete/size_fit/concrete03.png 1.08667 1.08667 17.9943 1 -1018.97 -944.576 
2 12 concrete/size_fit/concrete10.png 1 1 -13.6928 1 -1599.56 -649.398 
1 12 deco/steelfence13.png 0.45198 0.45198 0 1 -1512.98 -785.01 
0 13 concrete/size_fit/concrete08.png 1.51297 1.51297 -28.7745 1 4852.96 -563.939 
1 14 asphart/high.png 0.95 0.95 0 1 7652.32 -860.594 
1 13 concrete/size_fit/concrete03.png 0.585181 0.585181 -57.7186 0.98 3753.74 -656.055 
2 14 building/building01.png 0.333323 0.333323 0 0.94 2636.62 -42.3035 
1 15 asphart/high.png 0.95 0.95 0 1 6705.99 -859.514 
1 182 concrete/size_fit/concrete10.png 0.455347 0.455347 17.9943 0.98 3727.6 -714.817 
0 15 concrete/size_fit/concrete05.png 1.30167 1.30167 -83.1347 1 4616.76 -879.068 
0 18 concrete/extra/rock.png 0.262711 0.262711 0 1 -2860.13 -478.475 
1 18 building/building02.png -0.8 0.8 0 0.9 306.638 -508.601 
0 19 concrete/size_fit/concrete01.png 0.245677 0.245677 20.4106 1 -3140.77 -281.18 
0 20 concrete/extra/rock.png 0.262711 0.262711 0 1 -1154.16 -1014.7 
1 20 building/building03.png 0.691439 1 0 1 -2275.67 -2.21793 
1 178 ailenplatform/b01.png 0.22517 0.22517 0 1 2631.21 -493.614 
2 20 building/building03.png 0.48 0.7 0 0.98 3860.46 -326.486 
2 21 asphart/high.png 0.268317 0.268317 0 0.94 2795.68 -186.756 
0 30 concrete/extra/rock02.png -0.262711 0.262711 0 1 -1300.99 -982.507 
0 22 car/car02.png 0.468522 0.468522 -1.03711 1 -7013.99 -388.843 
2 22 asphart/high.png 0.268317 0.268317 0 0.94 3114.52 -189.07 
0 23 concrete/size_fit/concrete08.png 0.341679 0.341679 -3.00032 1 -6878.89 -274.541 
1 24 deco/steelfence12.png 0.417272 0.417272 20.4654 1 10918.6 -229.203 
2 25 building/building06.png 0.57488 0.57488 0 0.98 3115.34 -307.176 
0 25 deco/airconditioner.png 0.150727 0.150727 -22.0287 1 -6526.6 -227.735 
1 27 building/building04.png 1.50499 1.50499 0 1 8284.76 -57.466 
2 27 building/building06.png 0.783143 0.783143 0 0.98 3333.99 -525.74 
0 28 concrete/size_fit/concrete01.png 0.416177 0.416177 -47.1453 1 -3315.83 -339.455 
2 28 asphart/02.png 0.533417 0.533417 0.058818 0.98 3473.35 -732.786 
1 29 1/airconditioner03.png 0.377757 0.377757 0 1 5860.28 -352.757 
0 29 concrete/size_fit/concrete06.png 1 1 17.9943 1 -3347.85 -234.143 
1 92 concrete/size_fit/concrete04.png 1 1 -66.344 1 -3082.99 -381.927 
1 71 ailenplatform/b01.png 0.22517 0.22517 0 1 -3949.22 409.097 
1 30 1/airconditioner03.png 0.377757 0.377757 0 1 5572.62 -305.702 
0 31 concrete/extra/rock.png 0.262711 0.262711 0 1 -1444.05 -1009.87 
1 32 1/airconditioner03.png 0.377757 0.377757 0 1 5863.77 5.27028 
1 33 1/airconditioner03.png 0.377757 0.377757 0 1 5579.59 97.3344 
2 34 asphart/02.png 0.533417 0.533417 0.058818 0.98 2677.49 -732.91 
1 101 ailenplatform/b04.png 0.19 0.229 0 1 -5728.06 -209.805 
1 34 concrete/size_fit/concrete11.png 0.404064 0.404064 -23.215 1 -5562.12 -468.728 
0 34 concrete/size_fit/concrete11.png 0.616741 0.616741 -23.215 1 -3273.71 -422.08 
2 35 asphart/br_left.png 0.533417 0.533417 0.058818 0.98 2521.86 -732.469 
1 35 deco/steelfence13.png 0.315929 0.315929 0 1 -6307.57 -352.215 
2 36 asphart/02.png 0.533417 0.533417 0.058818 0.98 3210.06 -733.227 
0 37 skyplatform/monitor02.png 0.22517 0.22517 0 1 -2162.74 -118.393 
1 106 ailenplatform/b01.png 0.22517 0.22517 0 1 75.3919 -161.283 
1 174 asphart/high.png 0.95 0.95 0 1 10086 -858.682 
1 37 background/a04.png 0.389706 0.389706 90 1 5046.5 -137.299 
1 38 concrete/size_fit/concrete01.png 0.355257 0.355257 17.9943 1 4387.45 -487.853 
1 67 ailenplatform/b03.png 0.22517 0.22517 0 1 -3250.44 29.0055 
2 38 asphart/high.png 0.268317 0.268317 0 0.94 2593.32 -185.344 
0 39 concrete/size_fit/concrete05.png 1.17245 1.17245 -23.5296 1 4195.1 -722.207 
2 39 asphart/high.png 0.268317 0.268317 0 1 2628.47 -185.659 
1 99 asphart/br_right.png 0.95 0.95 0 1 1867.75 -633.531 
1 155 skyplatform/drink.png 0.27242 0.27242 0 1 5866.14 -577.577 
0 41 concrete/size_fit/concrete06.png 1 1 17.9943 1 4276.46 -448.913 
1 42 building/building02.png 1 1 0 0.95 1523.6 -207.991 
0 43 building/building02.png -0.924656 1.07535 -0.169284 1 -1945.82 -808.011 
0 44 car/car21.png -0.468522 0.468522 0 1 -6192.9 -440.536 
0 45 concrete/size_fit/concrete01.png 1.40458 1.40458 -7.27879 1 4737.13 -269.169 
1 46 asphart/01.png -0.95 0.95 0 1 -1105.79 -1108.6 
1 47 asphart/01.png -0.95 0.95 0 1 -1105.68 -1044.9 
0 48 building/building01.png 1.41248 1.41248 0 2.5 -11324.9 -683.621 
1 50 skyplatform/monitor02.png 0.22517 0.22517 0 1 -2715.72 -120.194 
1 52 asphart/03.png 0.95 0.95 0 1 -5303.16 -604.573 
1 57 skyplatform/monitor02.png 0.22517 0.22517 0 1 -5289.45 -353.747 
0 52 building/building02.png -0.924656 1.07535 -0.169284 2.2 -697.534 -1215.45 
0 53 building/building03.png -0.924656 1.07535 -0.169284 2.2 1171.46 -1296.25 
1 54 concrete/size_fit/concrete03.png 1.54024 1.54024 48.4279 1 4378.87 -395.47 
1 55 concrete/size_fit/concrete07.png 0.591728 0.591728 17.9943 1 4791.45 -651.233 
1 58 ailenplatform/b01.png 0.22517 0.22517 0 1 -5935.33 -238.542 
1 59 ailenplatform/b03.png 0.22517 0.22517 0 1 -5442.26 -122.637 
1 60 skyplatform/monitor02.png 0.227142 0.227142 41.0367 1 -5007.61 -161.103 
1 65 ailenplatform/b03.png 0.22517 0.22517 0 1 -3912.64 -75.8816 
1 66 ailenplatform/b01.png 0.22517 0.22517 0 1 -3473.33 28.7846 
1 68 ailenplatform/b02.png 0.22517 0.22517 0 1 -3757.77 -179.62 
1 69 ailenplatform/b02.png 0.22517 0.22517 0 1 -3569.45 -236.065 
1 70 ailenplatform/b03.png 0.22517 0.22517 0 1 -3836.7 409.62 
1 73 ailenplatform/b03.png 0.22517 0.22517 0 1 -3404.27 410.45 
1 75 asphart/03.png 0.95 0.95 0 1 -2086.4 -546.883 
1 79 concrete/size_fit/concrete02.png 0.810993 0.810993 157.019 1 -1215.24 -703.64 
1 77 concrete/size_fit/concrete07.png 0.403828 0.403828 -10.1302 1 -1591.27 -560.512 
1 81 concrete/size_fit/concrete11.png 0.616741 0.616741 20.9919 1 -1465.41 -870.442 
1 82 concrete/size_fit/concrete01.png 0.650023 0.650023 17.9943 1 -1447.59 -728.913 
1 83 concrete/size_fit/concrete08.png 0.758479 0.758479 72.4968 1 -1161.35 -949.63 
1 86 concrete/size_fit/concrete10.png 0.565312 0.565312 -136.056 1 -1333.23 -710.947 
1 88 asphart/br_left.png 0.95 0.95 0 1 -6241.56 -603.911 
1 90 asphart/up.png -0.95 0.95 0 1 -3211.59 -499.495 
1 93 asphart/high.png 0.95 0.95 0 1 -125.37 -907.941 
1 98 concrete/size_fit/concrete11.png 0.758184 0.758184 12.7126 1 -3229.65 -199.139 
1 103 ailenplatform/b04.png 0.19 0.229 0 1 339.329 71.7564 
1 104 ailenplatform/b04.png -0.19 0.229 0 1 171.548 -190.648 
1 105 ailenplatform/b04.png 0.19 0.229 0 1 260.535 14.2289 
1 109 ailenplatform/b01.png 0.22517 0.22517 0 1 605.054 -53.5139 
1 110 ailenplatform/b03.png 0.22517 0.22517 0 1 578.103 -433.675 
1 111 ailenplatform/b01.png 0.22517 0.22517 0 1 465.573 -433.769 
1 112 ailenplatform/b01.png 0.22517 0.22517 0 1 181.204 -598.813 
1 113 ailenplatform/b02.png 0.22517 0.22517 0 1 293.643 -598.734 
1 115 deco/warning01.png 0.321129 0.321129 -96.7292 1 -1191.12 -823.206 
1 120 ailenplatform/b03.png 0.22517 0.22517 0 1 2483.99 -305.37 
1 121 ailenplatform/b01.png 0.22517 0.22517 0 1 2747.88 -126.404 
1 122 ailenplatform/b02.png 0.22517 0.22517 0 1 2972.64 -126.295 
1 123 ailenplatform/b02.png 0.22517 0.22517 0 1 3310.25 -126.256 
1 125 ailenplatform/b02.png 0.22517 0.22517 0 1 3085.13 -126.342 
1 126 ailenplatform/b02.png 0.22517 0.22517 0 1 3422.74 -126.285 
1 127 ailenplatform/b03.png 0.22517 0.22517 0 1 3535.02 -126.341 
1 129 ailenplatform/b02.png 0.22517 0.22517 0 1 3714.67 -514.71 
1 130 ailenplatform/b01.png 0.22517 0.22517 0 1 3883.46 -162.83 
1 131 ailenplatform/b01.png 0.22517 0.22517 0 1 4176.55 -37.5026 
1 132 ailenplatform/b03.png 0.22517 0.22517 0 1 4280.83 -37.432 
1 133 ailenplatform/b03.png 0.22517 0.22517 0 1 4463.78 -172.645 
1 134 ailenplatform/b03.png 0.22517 0.22517 0 1 3961.31 -162.497 
1 135 ailenplatform/b01.png 0.22517 0.22517 0 1 4062.48 -353.204 
1 137 ailenplatform/b03.png 0.22517 0.22517 0 1 4617.94 74.5591 
1 139 background/a04.png 0.389706 0.389706 89.6093 1 5045.93 -454.39 
1 140 deco/steelfence11.png 0.315929 0.315929 0 1 -7280.15 -230.293 
1 142 concrete/size_fit/concrete11.png 0.263337 0.263337 -5.94552 1 -5537.65 -409.935 
1 144 concrete/size_fit/concrete11.png 0.263337 0.263337 -79.8867 1 -5491.05 -403.099 
1 145 concrete/size_fit/concrete11.png 0.263337 0.263337 -79.8867 1 -5465.42 -461.891 
1 146 concrete/size_fit/concrete11.png 0.263337 0.263337 -79.8867 1 -5513.19 -487.869 
1 147 concrete/size_fit/concrete11.png 0.263337 0.263337 -79.8867 1 -5477.07 -356.612 
1 148 concrete/size_fit/concrete11.png 0.263337 0.263337 -0.222088 1 -5546.98 -362.081 
1 150 concrete/300x300/concrete04.png 0.545632 0.545632 42.6378 1 -5704.46 -504.896 
1 153 asphart/high.png 0.95 0.95 0 1 6232.07 -859.581 
1 154 1/building09.png -0.951841 -0.951841 -178.879 1 6286.54 -253.223 
1 188 ailenplatform/b03.png 0.22517 0.22517 0 1 -4479.07 23.0984 
1 156 asphart/high.png 0.95 0.95 0 1 5282.92 -860.167 
1 157 building/building02.png 1.50002 1.50002 -0.156918 1 7338.32 -19.7459 
1 158 skyplatform/sky_platform02.png 1.30044 1.30044 0 1 7338.32 -59.5328 
1 159 asphart/up.png 0.95 0.95 0 1 10499.2 -673.217 
1 204 concrete/size_fit/concrete09.png 1.54938 1.54938 -39.0789 2.2 3590.88 -1064.07 
1 160 asphart/up.png 0.95 0.95 0 1 10940.3 -465.181 
1 161 asphart/high.png 0.95 0.95 0 1 11397.6 -464.5 
1 162 asphart/br_right.png 0.95 0.95 0 1 -7053.61 -484.813 
1 163 asphart/03.png 0.95 0.95 0 1 -5012.45 -603.929 
1 164 asphart/high.png 0.95 0.95 0 1 -4103.58 -501.775 
1 186 ailenplatform/b02.png 0.22517 0.22517 0 1 -5553.87 -122.767 
1 165 ailenplatform/b02.png 0.22517 0.22517 0 1 -4023.95 -75.213 
1 167 asphart/high.png 0.95 0.95 0 1 183.703 -908.533 
1 172 ailenplatform/b02.png 0.22517 0.22517 0 1 2860.34 -126.982 
1 175 asphart/high.png 0.95 0.95 0 1 8125.41 -861.675 
1 176 asphart/high.png 0.95 0.95 0 1 9070.03 -861.002 
1 183 concrete/size_fit/concrete04.png 0.507703 0.507703 -34.7915 0.98 3797.73 -704.528 
1 187 ailenplatform/b02.png 0.22517 0.22517 0 1 -5823.24 -238.628 
1 208 concrete/size_fit/concrete08.png 1.18362 1.18362 -73.2742 2.2 3964.53 -855.403 
1 189 ailenplatform/b03.png 0.22517 0.22517 0 1 405.525 -599.158 
1 191 asphart/high.png 0.95 0.95 0 1 8599.71 -859.623 
1 192 ailenplatform/b01.png 0.22517 0.22517 0 1 -3780.8 88.9306 
1 195 concrete/extra/rock02.png -0.15 0.2 0 1 -8565.62 -444.306 
1 196 concrete/extra/rock.png -0.15 0.2 13.2152 1 -7300.73 -435.639 
1 198 deco/warning01.png 0.261462 0.261462 24.556 1 -8049.89 -293.62 
1 199 asphart/01.png 0.95 0.95 0 1 -7995.99 -486.093 
1 202 concrete/size_fit/concrete03.png 1.84099 1.84099 64.3062 2.2 3651.95 -837.801 
1 203 concrete/size_fit/concrete04.png 1.16166 1.16166 -50.2645 2.2 3544.17 -792.051 
1 207 concrete/size_fit/concrete04.png 1.18362 1.18362 22.5821 2.2 4216.5 -890.999 
1 209 concrete/size_fit/concrete09.png 1.18362 1.18362 13.3707 2.2 4073.32 -1033.19 
1 212 skyplatform/jpg1.png 0.260105 0.260105 0 1 5865.18 -572.496 
1 213 sprites/no_image.png 1 1 0 1 -7998.27 615.772 
