1 -7709.46 -40.4754 
1 -7253.86 -35.4208 
1 -6664.16 128.976 
1 -5725.19 -78.7044 
1 -4427.36 12.5763 
1 -4337.57 -206.344 
1 -2886.96 -116.019 
1 -2080.26 -113.687 
1 -1634.18 -288.561 
1 -926.665 -628.865 
1 -282.893 -612.543 
1 228.404 -460.986 
1 770.581 -511.746 
1 1198.77 -324.048 
1 1972.81 -330.873 
1 2269.75 -388.168 
1 2467.98 -183.649 
1 3147.04 -211.621 
1 3779.31 -70.4065 
1 4388.3 -88.4339 
1 4865.88 156.504 
1 5111.33 77.9506 
1 5313.66 -162.464 
1 5719.96 -136.472 
1 5716.63 367.862 
1 6171.33 285.511 
1 6653.64 120.808 
1 7106.02 88.6398 
1 7678.09 91.2133 
1 7995.92 176.138 
1 8263.87 48.7509 
1 9268.46 41.0304 
