1 1 5737.04 -309.477 
1 1 5961.57 -309.477 
2 1 -4005.39 426.15 
2 1 -3781.88 426.804 
3 1 223.753 -8.42297 
3 1 377.434 104.888 
3 1 499.701 104.325 
4 1 5744.85 -157.415 
4 1 5961.57 -158.726 
5 1 4129.61 -34.6626 
5 1 4347.33 -34.6626 
6 1 5567.24 -683.077 
6 1 5749.32 -483.823 
7 1 -5092.51 -244.999 
7 1 -4903.72 -86.3826 
8 1 -6120.38 -426.213 
8 1 -5989.32 -437.717 
9 1 5461.09 138.379 
9 1 5680.04 139.69 
10 1 5441.58 293.993 
10 1 5825.66 293.993 
10 1 5818.44 217.817 
10 1 5871.64 187.135 
10 1 5914.01 154.337 
10 1 5978.93 134.235 
10 1 6136.8 201.947 
10 1 6455.97 189.251 
10 1 6456.87 113.075 
10 1 6520.88 94.031 
10 1 6537.11 42.189 
10 1 6577.68 28.4349 
11 1 2371.03 -300.848 
11 1 2550.83 -302.225 
12 1 3555.81 -512.33 
12 1 3892.42 -511.88 
13 1 5460 -64.3422 
13 1 5672.24 -66.964 
14 1 5799.24 -455.045 
14 1 5921.25 -456.636 
15 1 -5982.43 -236.996 
15 1 -5749.24 -234.725 
15 1 -5589.85 -119.192 
15 1 -5375.06 -120.202 
16 1 2152.28 -458.291 
16 1 2355.45 -457.728 
17 1 -3615.25 -233.033 
17 1 -3502.08 -232.556 
18 1 -3803.85 -176.732 
18 1 -3689.52 -176.255 
19 1 -6363.41 -365.817 
19 1 -6163.78 -367.255 
20 1 4344.15 -170 
20 1 4530.91 -170 
21 1 -5405.1 -360.291 
21 1 -5141.14 -359.745 
22 1 -3572.69 427.077 
22 1 -3346.79 427.077 
23 1 2585.51 -492.273 
23 1 2921.39 -490.897 
24 0 5024.33 -735.512 
24 0 5511.38 -735.512 
24 0 6126.9 -734.201 
24 0 6117.96 167.683 
25 1 -4750.55 23.7019 
25 1 -4411.78 25.8319 
26 0 4113.64 -779.454 
26 0 4173.88 -606.062 
26 0 4232.51 -538.047 
26 0 4275.69 -437.374 
26 0 4350.46 -421.559 
26 0 4425.23 -318.765 
26 0 4525.73 -300.619 
26 0 4571.66 -227.788 
26 0 4627.16 -148.827 
26 0 4712.92 -113.503 
26 0 4796.49 -103.217 
26 0 4835.69 -36.6205 
26 0 4877.73 46.4958 
26 0 4965.18 67.2749 
26 0 5056.77 48.0187 
26 0 5054.29 -770.861 
27 1 -3122.25 -124.792 
27 1 -2025.34 -124.036 
27 1 -1806.21 -301.035 
28 1 4477.69 76.2838 
28 1 4684.01 77.1833 
29 1 5452.18 -263.596 
29 1 5670.01 -262.285 
30 0 -6455.02 -578.583 
30 0 -6358.43 -578.323 
30 0 -5954 -578.323 
30 0 -4791.54 -585.499 
30 0 -4330.54 -377.874 
30 0 -3434.58 -376.064 
30 0 -3390.31 -290.149 
30 0 -3277.8 -157.901 
30 0 -3137.75 -154.252 
30 0 -3136.21 -360.306 
30 0 -3080.28 -328.294 
30 0 -3032.49 -368.73 
30 0 -3037.1 -527.196 
30 0 -1581.48 -524.083 
30 0 -1465.18 -545.048 
30 0 -1419.48 -610.334 
30 0 -1352.92 -669.791 
30 0 -1234.81 -713.749 
30 0 -959.501 -649.972 
30 0 -935.308 -1054.58 
30 0 -365.203 -786.938 
30 0 800.413 -785.253 
30 0 1157.8 -612.231 
30 0 2102.43 -613.464 
30 0 2102.38 -802.748 
31 1 -4303 -60.5359 
31 1 -3855.69 -59.9836 
32 1 2701.49 -123.326 
32 1 3601.53 -123.776 
33 1 133.634 -596.149 
33 1 460.273 -595.318 
34 1 29.8614 -157.331 
34 1 131.758 -157.753 
34 1 303.549 -284.843 
35 1 3830.96 -160.207 
35 1 4027.5 -160.207 
36 1 -3840.03 105.423 
36 1 -3611.33 104.496 
37 1 -292.562 -595.138 
37 1 -100.084 -596.099 
38 1 -3529.08 45.9589 
38 1 -3194.69 45.0325 
39 1 -59.1891 -660.868 
39 1 82.1183 -671.707 
40 1 416.564 -430.616 
40 1 644.584 -431.01 
41 1 5751.53 45.3066 
41 1 5964.9 45.3066 
42 0 -8698.68 -460.885 
42 0 -7284 -461.689 
42 0 -7229.59 -414.63 
42 0 -7167.24 -378.063 
42 0 -7076.91 -376.963 
42 0 -7020.36 -331.849 
42 0 -6914.1 -334.05 
42 0 -6883.55 -271.33 
42 0 -6813.63 -311.442 
42 0 -6818.61 -201.392 
42 0 -6754.55 -199.707 
43 1 555.552 -51.648 
43 1 891.77 -50.8028 
44 1 4015.93 -350.222 
44 1 4198.08 -350.672 
45 0 -6597.42 -235.685 
45 0 -6577.11 -178.437 
45 0 -6471.32 -225.575 
