1 -7709.46 -40.4754 
1 -7253.86 -35.4208 
1 -6664.16 128.976 
1 -5713.45 -270.203 
1 -4787.85 -270.33 
1 -4365.7 -11.5957 
1 -2897.47 55.5164 
1 -2039.17 52.1466 
1 -1634.18 -288.561 
1 -926.665 -628.865 
1 -282.893 -612.543 
1 228.404 -460.986 
1 1198.77 -324.048 
1 1972.81 -330.873 
1 2459 196.945 
1 3782.54 178.412 
1 4399.96 153.139 
1 4865.88 156.504 
1 5111.33 77.9506 
1 5269.87 -365.537 
1 5608.94 -379.161 
1 5721.27 -67.0556 
1 5716.1 294.99 
1 6171.33 285.511 
1 6653.64 120.808 
1 7106.02 88.6398 
1 7678.09 91.2133 
1 7995.92 176.138 
1 8263.87 48.7509 
1 9268.46 41.0304 
1 9517.02 -586.039 
1 10228.8 -586.039 
1 11114.8 -208.135 
1 11619.7 -201.534 
1 11808.8 -152.317 
1 12033.3 -216.606 
1 12497.8 -213.586 
1 12962.9 -233.945 
1 13240.2 -133.716 
1 13567.4 -186.962 
1 14371.4 -186.503 
1 14676.7 124.272 
1 14992.1 -174.316 
1 17577 -129.629 
1 17743.8 124.272 
1 17482.6 336.465 
1 17589.3 484.743 
1 17593 1432.16 
1 17926 1554.28 
1 18562.3 1475.06 
1 18920.3 1336.94 
1 20209.4 1289.09 
1 21072 1272.8 
1 22147.6 662.043 
1 23797.3 767.908 
