1 1 5441.58 293.993 
1 1 5825.66 293.993 
1 1 5836.46 219.937 
1 1 5909.41 181.12 
1 1 5978.01 139.9 
1 1 6136.8 201.947 
1 1 6455.97 189.251 
1 1 6456.87 113.075 
1 1 6520.88 94.031 
1 1 6537.11 42.189 
1 1 6577.68 28.4349 
2 1 17278.9 470.406 
2 1 17522.7 471.698 
3 1 -4569.32 38.0694 
3 1 -4120.46 38.0694 
4 0 2578.21 -495.41 
4 0 2906.97 -492.825 
5 1 17275.5 1260.19 
5 1 17516 1260.19 
6 1 20448.6 918.356 
6 1 20517.3 1213.43 
7 1 17276.4 732.307 
7 1 17519.4 733.599 
8 0 17907.2 -338.203 
8 0 17903.7 1396.63 
9 1 -653.296 -159.275 
9 1 -315.299 -157.651 
9 1 -159.724 -275.503 
10 1 -5708.8 203.275 
10 1 -5484.86 203.275 
11 1 -3120.7 -123.023 
11 1 -2025.34 -124.036 
11 1 -1806.21 -301.035 
12 1 5461.09 138.379 
12 1 5680.04 139.69 
13 0 21035.7 968.111 
13 0 22052.1 236.044 
13 0 24785.1 250.104 
14 0 20534.6 966.397 
14 0 21035.7 968.111 
15 1 23421.2 716.293 
15 1 23906.5 717.55 
16 1 -5405.1 -360.291 
16 1 -5141.14 -359.745 
17 0 5438.7 -363.225 
17 0 5437.69 298.928 
18 0 5457.01 302.297 
18 0 5459.04 -364.91 
19 1 13553.4 401.737 
19 1 14063.9 568.241 
20 1 447.818 -394.889 
20 1 672.086 -395.592 
21 1 17273 204.792 
21 1 17518.5 204.792 
22 1 14337.5 370.924 
22 1 14509.5 374.288 
23 0 8382.79 -739.357 
23 0 10268.1 -734.48 
23 0 11157.8 -327.272 
23 0 11619.3 -330.13 
24 1 17659.8 69.2922 
24 1 17892.3 67.9435 
25 1 5751.53 45.3066 
25 1 5964.9 45.3066 
26 1 22987.3 927.632 
26 1 23474.5 925.119 
27 1 -3862.65 -254.84 
27 1 -3748.47 -252.994 
28 0 18937.4 1211.45 
28 0 20205.1 1173.61 
28 0 20485.6 1018.05 
29 1 17639.2 -122.189 
29 1 17824.3 -122.189 
30 1 -5118.41 201.902 
30 1 -4894.67 201.902 
31 0 4457.34 89.3262 
31 0 4784.47 87.3038 
32 0 -6815.8 -311.299 
32 0 -6798.83 -469.738 
32 0 -6849.73 -528.513 
32 0 -6849.73 -684.396 
33 0 -6597.42 -235.685 
33 0 -6577.11 -178.437 
33 0 -6471.32 -225.575 
34 1 -5935.44 -198.015 
34 1 -5711.06 -194.704 
34 1 -5550.85 -76.6468 
34 1 -5329.32 -79.4 
35 1 -3700.01 -118.259 
35 1 -3586.38 -117.336 
36 0 13488.2 -283.945 
36 0 14380.7 -284.872 
37 1 -3520.9 32.1675 
37 1 -3183.73 33.1217 
38 0 5024.33 -735.512 
38 0 5511.38 -735.512 
38 0 6126.9 -734.201 
38 0 6117.96 167.683 
39 0 12991 -328.884 
39 0 13283.8 -480.248 
39 0 13723.8 -479.007 
40 1 8722.87 -94.0488 
40 1 8926.14 -1.6343 
40 1 9126.72 -93.022 
41 1 5799.24 -455.045 
41 1 5921.25 -456.636 
42 1 17659 603.897 
42 1 17902 603.897 
43 1 7.47114 -229.491 
43 1 487.772 -228.298 
44 1 6722.54 -118.47 
44 1 7950.56 -117.132 
45 1 13631.5 78.2802 
45 1 13785.9 132.1 
46 1 1651.3 -571.066 
46 1 1810.59 -489.187 
46 1 1970.74 -387.658 
47 1 5452.18 -263.596 
47 1 5670.01 -262.285 
48 1 -4885.19 -276.988 
48 1 -4437.91 -275.143 
49 1 133.634 -596.149 
49 1 472.962 -596.149 
50 1 17659.9 333.952 
50 1 17900.2 334.921 
51 1 5567.24 -683.077 
51 1 5749.32 -483.823 
52 1 -5108.06 -241.598 
52 1 -4907.05 -65.7392 
53 0 12073.2 -300.348 
53 0 12960.4 -300.348 
54 1 5460 -64.3422 
54 1 5672.24 -66.964 
55 0 3816.59 -162.985 
55 0 4057.05 -160.962 
56 1 549.061 -38.9511 
56 1 885.847 -39.7952 
57 0 -8698.68 -460.885 
57 0 -7284 -461.689 
57 0 -7229.59 -414.63 
57 0 -7167.24 -378.063 
57 0 -7076.91 -376.963 
57 0 -7020.36 -331.849 
57 0 -6914.1 -334.05 
57 0 -6883.55 -271.33 
57 0 -6813.63 -311.442 
57 0 -6818.61 -201.392 
57 0 -6754.55 -199.707 
58 0 9283.6 -160.478 
58 0 9282.36 -781.111 
59 1 5744.85 -157.415 
59 1 5961.57 -158.726 
60 0 2700.96 -123.638 
60 0 3602.28 -116.659 
61 0 2370.97 -289.772 
61 0 2596.77 -291.065 
62 1 -3836.08 138.064 
62 1 -3612.91 136.969 
63 1 17659 1128.45 
63 1 17899.5 1127.16 
64 1 17659.1 1372.72 
64 1 17905.7 1374.38 
64 1 18584.1 1352.8 
65 1 -6125.76 -437.067 
65 1 -6010.54 -442.794 
66 1 5737.04 -309.477 
66 1 5961.57 -309.477 
67 0 3962.45 -338.929 
67 0 4202.31 -334.884 
68 0 24784.9 234.065 
68 0 24782 1306.97 
69 1 -6378.1 -360.709 
69 1 -6182.22 -364.527 
70 0 -6474.52 -411.615 
70 0 -6449.09 -566.623 
70 0 -5954 -578.323 
70 0 -4305.58 -575.976 
70 0 -3862.93 -363.639 
70 0 -3433.09 -362.006 
70 0 -3356.29 -231.888 
70 0 -3259.74 -170.405 
70 0 -3137.75 -154.252 
70 0 -3136.21 -360.306 
70 0 -3080.28 -328.294 
70 0 -3032.49 -368.73 
70 0 -3037.1 -527.196 
70 0 -1581.48 -524.083 
70 0 -1465.18 -545.048 
70 0 -1419.48 -610.334 
70 0 -1352.92 -669.791 
70 0 -1232.93 -664.34 
70 0 -998.233 -683.556 
70 0 -868.603 -1036.05 
70 0 -365.203 -786.938 
70 0 800.413 -785.253 
70 0 1157.8 -612.231 
70 0 2102.43 -613.464 
71 0 14981.1 -271.508 
71 0 17916.5 -263.618 
72 1 17658.2 864.05 
72 1 17900.3 862.759 
73 0 4113.64 -779.454 
73 0 4173.88 -606.062 
73 0 4232.51 -538.047 
73 0 4275.69 -437.374 
73 0 4350.46 -421.559 
73 0 4425.23 -318.765 
73 0 4525.73 -300.619 
73 0 4571.66 -227.788 
73 0 4627.16 -148.827 
73 0 4712.92 -113.503 
73 0 4796.49 -103.217 
73 0 4835.69 -36.6205 
73 0 4877.73 46.4958 
73 0 4965.18 67.2749 
73 0 5056.77 48.0187 
73 0 5054.29 -770.861 
74 1 68.89 -1.17232 
74 1 233.41 116.513 
74 1 346.145 117.272 
75 1 -59.1891 -660.868 
75 1 82.1183 -671.707 
76 1 17274.7 998.377 
76 1 17520.2 1000.36 
77 1 23083 495.087 
77 1 23568.2 495.087 
78 0 17271.8 1391.99 
78 0 17272.7 197.467 
79 0 3564.3 -513.694 
79 0 3893.27 -510.661 
80 0 4127.61 -25.7986 
80 0 4354.65 -25.7986 
81 1 22889 1212.58 
81 1 22878.1 135.719 
82 1 18952 1439.5 
82 1 18947 1075.73 
83 1 8245.75 -135.039 
83 1 9423.28 -133.545 
84 0 2122.45 -440.488 
84 0 2376.73 -439.842 
85 1 -292.562 -595.138 
85 1 -100.084 -596.099 
86 0 11622 -447.99 
86 0 12056.2 -395.881 
