5 24468.3 1988.09 0 
4 2610.78 466.301 1 
4 3039.97 454.506 2 
4 3566.3 452.821 3 
4 4005.03 444.396 4 
4 17393.9 1616.9 5 
4 17788.6 1636.84 6 
0 -6249.53 -512.231 7 
0 -5377.53 -10.004 8 
0 -4969.91 -38.4304 9 
0 -5082.27 -130.451 10 
0 -5222.96 -292.869 11 
0 -5337.85 -296.543 12 
0 -4804.66 -199.808 13 
1 -4871.58 572.482 14 
0 -4674.93 572.742 15 
0 -5348.43 584.71 16 
0 -5440.97 568.284 17 
1 -5205.29 555.643 18 
0 -4554.85 580.042 19 
0 -6076.61 564.633 20 
0 -5081.43 589.168 21 
0 -5962.04 562.808 22 
3 -5598.95 444.231 23 
3 -4960.59 442.265 24 
3 -5584.75 530.896 25 
3 -4997.57 530.896 26 
2 -6108.05 661.691 27 
2 -5964.08 665.173 28 
2 -4416.24 581.914 29 
2 -4302.74 578.432 30 
1 -5317.96 969.05 31 
1 -5099.37 970.791 32 
0 -6256.89 -489.596 33 
0 -4187.43 -422.459 34 
0 -4183.47 -422.14 35 
0 -6256.85 -488.303 36 
0 -4180.59 -430.258 37 
0 -4187.72 -424.738 38 
0 -4186.36 -416.226 39 
0 -4188.47 -436.426 40 
0 -6252.43 -482.154 41 
0 -6262.88 -490.286 42 
0 -6262.17 -476.559 43 
0 -6257.68 -488.195 44 
1 -4098.21 -255.261 45 
1 -3985.61 -241.611 46 
0 -3719.18 200.093 47 
0 -3437.69 136.392 48 
0 -3638.17 -61.5347 49 
0 -3812.56 -204.861 50 
0 -3024.01 -54.3579 51 
0 -2849.62 -47.5329 52 
0 -2679.37 -49.8079 53 
0 -2548.9 -40.7078 54 
0 -2400.6 -38.4328 55 
0 -2248.2 -52.0829 56 
0 -2104.02 -49.8079 57 
4 -2846.21 473.101 58 
4 -1611.75 477.651 59 
4 -2259.51 481.292 60 
2 444.183 -125.832 61 
2 53.2412 -128.304 62 
3 288.722 214.206 63 
2 824.68 39.8027 64 
4 -72.4798 231.008 65 
4 512.967 221.315 66 
6 952.507 465.711 67 
5 999.437 385.848 68 
5 -119.124 474.386 69 
0 1219.07 -498.451 70 
0 -771.557 -850.926 71 
0 1221.3 -499.217 72 
0 -773.134 -848.314 73 
0 1219.03 -502.42 74 
0 -773.801 -853.163 75 
0 1219.86 -504.205 76 
0 -775.07 -853.508 77 
0 1220.35 -501.752 78 
0 -775.338 -859.375 79 
0 1220.51 -505.072 80 
0 -773.576 -856.511 81 
1 -287.867 464.169 82 
1 691.742 471.132 83 
2 -625.124 516.629 84 
2 858.822 468.875 85 
3 306.62 815.213 86 
0 114.426 667.859 87 
3 -396.038 527.835 88 
3 694.473 650.677 89 
1 -89.2313 485.215 90 
1 449.868 555.735 91 
0 1230.9 -235.253 92 
0 -821.007 -333.071 93 
0 1220.91 -517.055 94 
0 -817.626 -834.56 95 
0 -816.503 -828.436 96 
0 1220.14 -516.967 97 
0 -821.839 -706.523 98 
0 1224.53 -514.18 99 
5 -92.1043 372.408 100 
3 743.295 696.782 101 
3 1083.7 376.355 102 
0 -495.344 555.92 103 
0 195.103 759.825 104 
0 826.704 850.818 105 
1 -2460.09 -397.449 106 
0 3561.64 739.988 107 
0 2730.99 744.486 108 
0 3021.44 737.739 109 
0 3343.12 742.237 110 
2 3829.28 703.034 111 
2 3977.06 705.816 112 
2 2438.71 700.47 113 
2 2544.42 692.623 114 
3 2643.49 683.398 115 
6 2772.82 709.426 116 
6 3520.45 715.997 117 
6 20059.2 1459.6 118 
6 21552.1 1069.14 119 
