1 340 background/as_under.png 0.543814 0.543814 0.133185 1 24765.2 -31.7081 
1 144 concrete/size_fit/concrete11.png 0.616741 0.616741 20.9919 1 -1465.41 -870.442 
1 125 ailenplatform/b01.png 0.22517 0.22517 0 1 -4512.79 25.7642 
1 141 skyplatform/monitor02.png 0.22517 0.22517 0 1 -3002.14 -118.727 
1 22 background/underground.png 1 1 -0.178116 1 15218.5 -405.643 
1 182 skyplatform/drink.png 0.27242 0.27242 0 1 5866.14 -577.577 
1 390 ailenplatform/b02.png 0.22517 0.22517 0 1 -374.366 -171.812 
1 50 background/as_under.png 1 1 0 1 11886.3 -809.333 
1 388 ailenplatform/b01.png 0.307198 0.307198 0 1 84.6901 -239.726 
1 186 asphart/high.png 0.95 0.95 0 1 11397.6 -464.5 
0 13 concrete/size_fit/concrete04.png 0.441661 0.441661 -11.0131 1 -7241.14 -436.382 
1 360 asphart/up.png 0.95 0.95 0 1 940.407 -736.174 
1 121 skyplatform/monitor02.png 0.22517 0.22517 0 1 -5289.45 -353.747 
1 107 deco/warning02.png 0.321129 0.321129 -49.7846 1 2122.46 -629.69 
1 86 deco/steelfence11.png 0.417272 0.417272 20.383 1 10559.5 -362.625 
1 98 concrete/size_fit/concrete11.png 1.10689 1.10689 -72.2675 1 4931.91 -304.359 
1 334 background/as_under.png 0.543814 0.543814 0.133185 1 23447.6 -15.9231 
0 12 concrete/extra/rock.png 0.262711 0.262711 0 1 -1154.16 -1014.7 
1 217 qorud/concrete/size_fit/concrete05.png 0.868155 0.868155 2.66585 1 13681 -400.592 
1 230 concrete/extra/rock02.png 0.470563 0.470563 0 1 8920.15 -14.1893 
1 288 skyplatform/monitor02.png 0.213676 0.213676 0 1 17773.6 1116.31 
1 79 building/building03.png 0.691439 1 0 1 -2275.67 -2.21793 
1 272 background/as_under.png 1 1 -0.178116 1 15653.3 -995.959 
1 266 background/as_under.png 1 1 -0.178116 1 15599.7 -725.571 
1 116 1/airconditioner03.png 0.377757 0.377757 0 1 5577.85 -107.253 
1 306 background/a04.png 0.618196 0.618196 0 1 22312.7 245.439 
1 146 concrete/size_fit/concrete08.png 0.758479 0.758479 72.4968 1 -1161.35 -949.63 
1 61 concrete/size_fit/concrete01.png 1.73636 1.73636 -69.6077 1 -1447.3 -821.562 
1 299 deco/warning01.png 0.226813 0.226813 0 1 17878 -130.129 
1 259 background/as_under.png 1 1 -0.178116 1 13650 -1189.71 
0 48 concrete/size_fit/concrete02.png 0.810993 0.810993 157.019 1 -1215.24 -703.64 
1 250 background/as_under.png 1 1 0 1 12213.6 -1059.59 
1 65 deco/steelfence13.png 0.315929 0.315929 0 1 -6012.63 -349.468 
1 30 background/as_under.png 0.543814 0.543814 0.133185 1 20907 837.189 
1 43 building/building04.png 1.50499 1.50499 0 1 8284.76 -57.466 
0 5 concrete/size_fit/concrete08.png 1.51297 1.51297 -28.7745 1 4852.96 -563.939 
1 277 background/as_under.png 1 1 0 1 -6036.95 -841.3 
1 110 asphart/01.png -0.95 0.95 0 1 -1105.68 -1044.9 
1 26 background/as_under.png 0.543814 0.543814 0.133185 1 20891 683.849 
1 212 qorud/asphart/high.png 0.95 0.95 0 1 9564.32 -880.72 
1 342 background/as_under.png 0.543814 0.543814 -22.9466 1 21157.4 465.116 
1 226 qorud/asphart/br_right.png 0.95 0.95 0 1 14168.3 -318.345 
1 348 background/as_under.png 0.543814 0.543814 -22.9466 1 21348.5 454.437 
1 243 background/as_under.png 1 1 0 1 -274.194 -1161.69 
1 24 background/underground.png 1 1 -0.178116 1 14074.6 -391.895 
1 174 asphart/high.png 0.95 0.95 0 1 -125.37 -907.941 
1 63 deco/steelfence13.png 0.315929 0.315929 0 1 -5724.71 -348.095 
1 294 qorud/asphart/high.png 0.95 0.95 0 1 18620.7 -414.159 
1 319 background/as_under.png 1 1 -0.178116 1 17256.2 -766.023 
1 234 asphart/03.png 0.95 0.95 0 1 -1691.15 -548.286 
1 140 asphart/03.png 0.95 0.95 0 1 -1949.27 -546.883 
1 369 ailenplatform/b02.png 0.329201 0.329201 0 1 2947.55 -132.131 
1 229 qorud/asphart/high.png 0.95 0.95 0 1 15665.1 -410.784 
1 130 ailenplatform/b01.png 0.22517 0.22517 0 1 -3473.33 28.7846 
1 4 background/as_under.png 0.543814 0.543814 0.133185 1 23796.3 -4.37699 
1 149 asphart/up.png 0.95 0.95 0 1 -4085.6 -500.042 
1 256 background/as_under.png 1 1 -27.6244 1 13192.4 -754.422 
1 78 qorud/asphart/br_left.png 0.95 0.95 -28.1565 1 13154.6 -455.396 
1 120 concrete/size_fit/concrete03.png 0.324976 0.324976 9.99163 1 -7089.05 -329.648 
1 74 asphart/high.png 0.95 0.95 0 1 7666.4 -882.211 
1 179 deco/steelfence12.png 0.315929 0.315929 0 1 -6984.08 -232.731 
0 37 qorud/concrete01.png 0.191141 0.423477 136.695 1 5677.23 -599.814 
1 171 asphart/up.png 0.95 0.95 0 1 -577.154 -908.223 
1 387 qorud/car/car21.png -0.468522 0.468522 0 1 -6207.88 -465.352 
1 85 deco/steelfence13.png 0.477626 0.477626 -0.242864 1 9168.68 -448.791 
1 295 building/building01.png 1.65411 1.65411 0.042006 1 18398.5 548.282 
1 209 qorud/asphart/br_left.png 0.95 0.95 0 1 12270.1 -358.341 
1 287 skyplatform/monitor02.png 0.213676 0.213676 0 1 17392.7 986.202 
1 150 asphart/up.png -0.95 0.95 0 1 -3211.59 -499.495 
1 215 qorud/concrete/size_fit/concrete11.png 0.978336 0.978336 -50.6276 1 13586.8 -465.443 
1 114 deco/warning01.png 0.197115 0.197115 24.556 1 -8051.7 -311.634 
1 202 concrete/size_fit/concrete01.png 0.638263 0.638263 -28.3251 1 -8663.35 -425.112 
1 389 ailenplatform/b02.png 0.22517 0.22517 0 1 -485.457 -171.955 
1 60 car/car21.png -0.37 0.37 24.3757 1 -763.115 -692.179 
1 11 concrete/size_fit/concrete06.png 0.36995 0.36995 38.0933 1 5927.3 266.216 
1 300 deco/underground.png 1.37945 1.37945 0 1 14906.6 -367.611 
2 3 bbuilding.png 1.2 1.8 0 0.5 -2175.29 -35.4428 
1 13 qorud/concrete/size_fit/concrete01.png 0.468762 0.468762 -23.5602 1 5906.5 217.798 
1 330 background/as_under.png 0.543814 0.543814 3.56138 1 22260.5 -114.086 
1 100 concrete/size_fit/concrete01.png 0.355257 0.355257 17.9943 1 4387.45 -487.853 
1 69 qorud/asphart/high.png 0.95 0.95 0 1 16611.6 -406.752 
1 117 asphart/high.png 0.95 0.95 0 1 -3629.39 -501.156 
2 8 concrete/size_fit/concrete06.png 1 1 -10.7144 1 -1477.62 -979.958 
1 218 deco/steelfence12.png 0.401937 0.401937 0.137544 1 12255.4 -67.0461 
1 136 ailenplatform/b01.png 0.22517 0.22517 0 1 -5652.57 190.275 
1 142 concrete/size_fit/concrete07.png 0.403828 0.403828 -10.1302 1 -1591.27 -560.512 
2 6 qorud/concrete/size_fit/concrete11.png 1.16491 1.16491 133.845 0.97 -1339.47 -705.586 
1 341 background/as_under.png 0.543814 0.543814 0.133185 1 21064.4 591.395 
1 92 1/airconditioner03.png 0.377757 0.377757 0 1 5572.62 -305.702 
1 239 background/as_under.png 1 1 0 1 -3668.79 -816.92 
1 124 skyplatform/monitor02.png 0.227142 0.227142 41.0367 1 -5007.61 -161.103 
1 178 deco/steelfence11.png 0.315929 0.315929 0 1 -7280.15 -230.293 
1 6 background/as_under.png 1 1 0 1 11815 -575.423 
0 42 qorud/building/building03.png 0.821623 1.13018 -0.0672863 1 15859 219.547 
1 129 ailenplatform/b03.png 0.22517 0.22517 0 1 -4495.53 -287.721 
1 283 skyplatform/monitor02.png 0.213676 0.213676 0 1 17392.9 454.532 
0 27 concrete/extra/rock02.png -0.262711 0.262711 0 1 -3023.78 -449.659 
1 206 qorud/asphart/high.png 0.95 0.95 0 1 10039 -880.61 
1 285 skyplatform/monitor02.png 0.213676 0.213676 0 1 17392.2 720.549 
1 269 asphart/br_right.png 0.95 0.95 0 1 -7053.61 -484.813 
1 168 ailenplatform/b03.png 0.22517 0.22517 0 1 615.511 -408.64 
1 276 background/underground.png 1 1 0 1 -6471.53 -756.82 
1 347 background/as_under.png 0.543814 0.543814 -22.9466 1 21103.9 122.954 
1 310 background/a04.png 0.618279 0.618279 -0.687462 1 20820.9 964.477 
1 138 ailenplatform/b03.png 0.22517 0.22517 0 1 -4951.24 188.666 
1 322 background/as_under.png 0.543814 0.543814 -35.2853 1 21536.7 454.785 
1 258 background/as_under.png 1 1 -0.178116 1 13620.1 -785.282 
1 68 deco/steelfence13.png 0.315929 0.315929 0 1 -8259.15 -243.052 
1 184 asphart/up.png 0.95 0.95 0 1 10499.2 -673.217 
1 314 background/as_under.png 1 1 0 1 -7800.42 -731.624 
1 257 background/as_under.png 1 1 -0.178116 1 13197.8 -902.108 
2 10 qorud/building/building02.png 1.83559 1.83559 -24.3335 1 21613.2 1253.42 
1 298 deco/warning01.png 0.226813 0.226813 0 1 17834.3 -205.488 
1 161 ailenplatform/b04.png 0.19 0.229 0 1 194.973 74.0342 
1 191 ailenplatform/b02.png 0.22517 0.22517 0 1 -5495.67 -92.398 
0 8 concrete/size_fit/concrete10.png 1 1 17.9943 1 4543.6 -743.228 
1 385 asphart/03.png 0.95 0.95 0 1 -4539.82 -602.718 
1 245 background/as_under.png 1 1 0 1 10669.1 -1024.74 
1 271 background/as_under.png 1 1 -0.178116 1 16266.2 -1016.53 
1 173 ailenplatform/b04.png -0.19 0.229 0 1 -202.187 -256.518 
0 10 qorud/concrete/extra/rock.png 0.262711 0.262711 0 1 -2860.13 -478.475 
2 5 qorud/concrete01.png 0.367664 0.6 0 1 -1605.66 -865.061 
1 67 qorud/asphart/high.png 0.95 0.95 0 1 16132 -414.734 
1 102 qorud/concrete/size_fit/concrete11.png 0.978336 0.978336 -50.6276 1 11898.8 -495.129 
1 105 concrete/size_fit/concrete05.png 1.52754 1.52754 -25.0319 1 -1199.06 -814.207 
1 42 asphart/br_left.png 0.950302 0.950302 -54.5102 1 664.018 -674.909 
1 251 background/as_under.png 1 1 0 1 12333.4 -708.936 
1 265 background/as_under.png 1 1 -0.178116 1 15166.9 -910.73 
0 39 qorud/concrete/size_fit/concrete05.png 1.08513 1.08513 -57.1614 1 11556.7 -456.372 
1 127 ailenplatform/b01.png 0.22517 0.22517 0 1 -4828.16 -289.553 
0 15 concrete/size_fit/concrete08.png 0.341679 0.341679 -3.00032 1 -6878.89 -274.541 
1 119 concrete/size_fit/concrete07.png 0.591728 0.591728 17.9943 1 4791.45 -651.233 
1 101 concrete/size_fit/concrete02.png 1.98824 1.98824 61.0642 1 4497.41 -601.869 
1 155 concrete/size_fit/concrete11.png 0.758184 0.758184 12.7126 1 -3229.65 -199.139 
1 66 deco/steelfence13.png 0.477957 0.477957 0 1 -1078.18 -798.685 
0 32 qorud/concrete/size_fit/concrete09.png 0.600043 0.600043 17.9943 1 4217.88 -576.626 
1 75 qorud/building/building04.png 1.28107 1.28107 -4.10005 1 12371.2 252.295 
1 169 ailenplatform/b01.png 0.22517 0.22517 0 1 503.821 -408.874 
1 241 background/as_under.png 1 1 0 1 -3886.03 -952.577 
1 205 qorud/asphart/high.png 0.95 0.95 0 1 9090.14 -880.447 
1 350 background/as_under.png 0.543814 0.543814 -22.9466 1 21221.7 132.249 
1 197 concrete/size_fit/concrete09.png 1.37339 1.37339 -69.5797 1 4691.49 -697.821 
1 373 ailenplatform/b02.png 0.329201 0.329201 0 1 3276.12 -129.437 
1 28 background/as_under.png 0.543814 0.543814 0.133185 1 20367.2 916.113 
0 52 building/building02.png -0.924656 1.07535 -0.169284 1 -1707.77 -970.097 
1 336 background/as_under.png 0.543814 0.543814 0.133185 1 24029.8 -148.967 
1 246 concrete/size_fit/concrete11.png 1.80515 1.80515 55.0699 1 4887.05 -872.813 
1 35 background/as_under.png 0.543814 0.543814 0.133185 1 24725 129.453 
0 51 concrete/size_fit/concrete05.png 0.655983 0.655983 17.9943 1 -1322.51 -831.69 
0 31 qorud/concrete/size_fit/concrete05.png 1.17245 1.17245 -23.5296 1 4195.1 -722.207 
1 199 concrete/extra/rock02.png -0.15 0.2 0 1 -8565.62 -444.306 
1 192 ailenplatform/b02.png 0.22517 0.22517 0 1 -5767.14 -209.417 
1 18 ailenplatform/b01.png 0.329201 0.329201 0.257267 1 3898.89 -171.116 
1 353 background/as_under.png 0.543814 0.543814 -22.9466 1 20740.3 708.272 
0 30 qorud/skyplatform/monitor02.png 0.22517 0.22517 -38.9997 1 -1917.05 -201.268 
0 0 qorud/concrete/size_fit/concrete10.png 1.16336 1.16336 -73.0906 1 13809.1 -403.791 
1 104 qorud/concrete/size_fit/concrete11.png 0.69222 0.69222 79.0605 1 11937.7 -556.721 
1 123 ailenplatform/b03.png 0.22517 0.22517 0 1 -5384.83 -92.268 
1 52 background/as_under.png 1 1 0 1 -1190.03 -1327.11 
1 189 ailenplatform/b02.png 0.22517 0.22517 0 1 -3362.59 29.3688 
1 143 concrete/size_fit/concrete09.png 0.793667 0.793667 -35.1169 1 -1299.65 -971.534 
1 233 ailenplatform/b03.png 0.22517 0.22517 0 1 -3669.07 121.289 
1 244 background/as_under.png 1 1 0 1 346.415 -1135.13 
1 358 background/as_under.png 0.543814 0.543814 -22.9466 1 20566.6 670.623 
1 343 background/as_under.png 0.543814 0.543814 -22.9466 1 20894.6 489.921 
1 87 qorud/skyplatform/sky_platform02.png 1.30044 1.30044 0 1 8838.05 -75.4806 
1 253 background/as_under.png 1 1 0 1 12665.2 -879.62 
1 153 asphart/high.png 0.95 0.95 0 1 1396.02 -737.084 
1 214 qorud/asphart/03.png 1.03756 1.03756 -0.637328 1 13540.7 -525.027 
1 187 asphart/03.png 0.95 0.95 0 1 -5012.45 -603.929 
2 0 background/background02.png 5.79642 5.79642 0 1 8219.87 185.094 
1 3 background/as_under.png 0.543814 0.543814 0.133185 1 23625.6 137.412 
1 36 background/as_under.png 0.543814 0.543814 0.133185 1 24388.1 142.983 
0 1 qorud/building/building06.png 1.29631 1.29631 0 1 -2489.9 -817.191 
2 1 background/background01.png 2.26629 2.60704 0 0.035 701.577 -217.9 
0 2 concrete/size_fit/concrete04.png 1.26303 1.26303 17.9943 1 4446.09 -926.32 
2 2 qorud/building/building04.png 1.28107 1.28107 -3.78676 1 22321.3 613.322 
1 5 background/as_under.png 1 1 0 1 -5487.4 -849.993 
0 3 concrete/size_fit/concrete09.png 0.987609 0.987609 -33.9628 1 4303.72 -889.253 
2 4 qorud/concrete/size_fit/concrete08.png 2.57125 2.57125 -59.4347 1 -1497.22 -897.616 
1 7 concrete/size_fit/concrete08.png 0.911364 0.911364 -11.2608 1 6457.38 90.2595 
0 4 qorud/concrete/size_fit/concrete01.png 0.692223 0.692223 -23.5602 1 4154.23 -882.513 
1 8 concrete/size_fit/concrete02.png 1.14469 1.14469 5.43503 1 6426.24 29.4272 
0 6 concrete01.png 0.278593 0.510929 0 1 4697.76 -692.704 
1 9 concrete/size_fit/concrete04.png 0.920688 0.920688 74.6808 1 6448.53 67.1823 
0 7 concrete/size_fit/concrete05.png 1.30167 1.30167 -83.1347 1 4616.76 -879.068 
1 10 concrete/size_fit/concrete10.png 0.527914 0.527914 16.9795 1 5919.99 226.677 
1 354 background/as_under.png 0.543814 0.543814 -22.9466 1 20557.5 655.564 
2 7 concrete/size_fit/concrete10.png 1 1 -13.6928 1 -1599.56 -649.398 
0 9 qorud/concrete/size_fit/concrete02.png 0.566602 0.566602 17.9943 1 4508.04 -283.37 
1 12 qorud/concrete/size_fit/concrete11.png 0.452853 0.452853 -9.5029 1 5859.83 263.98 
2 9 deco/warning01.png 0.560761 0.560761 -35.854 1 22524.6 283.577 
0 11 concrete/size_fit/concrete01.png 0.245677 0.245677 20.4106 1 -3140.77 -281.18 
1 14 concrete/size_fit/concrete09.png 0.493647 0.493647 -76.8732 1 5920.67 182.768 
1 15 building/building01.png 1 1 0 1 5711.26 -180.377 
1 16 1/airconditioner03.png 0.377757 0.377757 0 1 5579.59 97.3344 
1 17 ailenplatform/b01.png 0.329201 0.329201 0.25869 1 4208.75 -36.7208 
0 14 car/car02.png 0.468522 0.468522 -1.03711 1 -7013.99 -388.843 
0 16 qorud/deco/airconditioner.png 0.150727 0.150727 91.9909 1 -6779.81 -227.678 
1 19 background/as_under.png 1 1 0 1 1674.82 -883.382 
1 20 background/as_under.png 1 1 -0.178116 1 15594.4 -562.456 
0 17 deco/airconditioner.png 0.150727 0.150727 -22.0287 1 -6526.6 -227.735 
0 18 concrete/size_fit/concrete03.png 0.747837 0.747837 47.4062 1 -3426.04 -323.692 
1 21 qorud/asphart/high.png 0.880442 0.880442 -0.105072 1 15205.2 -443.059 
0 19 concrete/size_fit/concrete01.png 0.245677 0.245677 20.4106 1 -3387.41 -355.893 
0 20 concrete/size_fit/concrete01.png 0.416177 0.416177 -47.1453 1 -3315.83 -339.455 
1 320 background/as_under.png 1 1 -0.178116 1 18035.8 -770.988 
1 23 background/as_under.png 1 1 -0.178116 1 14145.6 -559.456 
0 21 qorud/concrete/size_fit/concrete06.png 1 1 17.9943 1 -3347.85 -234.143 
0 22 concrete/extra/rock02.png -0.262711 0.262711 0 1 -1300.99 -982.507 
1 25 background/as_under.png 0.543814 0.543814 -22.9466 1 22229.8 113.679 
0 23 concrete/extra/rock.png 0.262711 0.262711 0 1 -1444.05 -1009.87 
0 24 concrete/extra/rock.png 0.262711 0.262711 0 1 -1050.19 -1017.12 
1 27 background/as_under.png 0.543814 0.543814 0.133185 1 20951.2 780.814 
0 25 qorud/concrete/size_fit/concrete03.png 0.747837 0.747837 -35.1649 1 -3171.64 -456.025 
1 29 background/as_under.png 0.543814 0.543814 0.133185 1 20436.5 861.994 
0 26 concrete/size_fit/concrete11.png 0.616741 0.616741 -23.215 1 -3273.71 -422.08 
1 31 background/as_under.png 0.543814 0.543814 0.133185 1 20739.9 864.249 
0 28 skyplatform/monitor02.png 0.22517 0.22517 0 1 -2432.92 -118.993 
1 361 asphart/high.png 0.95 0.95 0 1 557.748 -908.258 
0 29 qorud/skyplatform/monitor02.png 0.22517 0.22517 0 1 -2162.74 -118.393 
1 301 background/a04.png 0.618196 0.618196 0 1 24512.8 244.438 
1 32 background/as_under.png 0.543814 0.543814 0.133185 1 23329.3 -135.07 
1 33 background/as_under.png 0.543814 0.543814 0.133185 1 23103 13.7588 
1 34 background/as_under.png 0.543814 0.543814 0.133185 1 22940.5 -108.01 
0 33 concrete/size_fit/concrete06.png 1 1 17.9943 1 4276.46 -448.913 
1 37 background/as_under.png 0.543814 0.543814 0.133185 1 24004.9 136.218 
0 34 concrete/size_fit/concrete08.png 0.604846 0.604846 -109.997 1 4986 25.8975 
0 35 qorud/concrete/size_fit/concrete01.png 1.40458 1.40458 -7.27879 1 4737.13 -269.169 
1 38 background/as_under.png 0.543814 0.543814 0.133185 1 23208 124.943 
1 39 background/as_under.png 0.543814 0.543814 0.133185 1 22862.1 131.708 
0 36 qorud/concrete/size_fit/concrete11.png 1.12192 1.12192 69.8707 1 4912.82 -50.5391 
1 96 deco/steelfence13.png 0.315929 0.315929 0 1 -6307.57 -352.215 
1 40 background/as_under.png 0.543814 0.543814 0.133185 1 22503.3 152.003 
1 41 building/building04.png 1.1083 1.1083 -32.4452 1 198.082 -526.947 
0 38 car/car22.png -0.468522 0.468522 26.9227 1 -4163.79 -435.536 
0 40 qorud/concrete/size_fit/concrete10.png 1.13019 1.13019 52.3559 1 12014.1 -499.449 
1 225 qorud/asphart/br_left.png 0.95 0.95 0 1 13693.4 -317.991 
0 41 qorud/concrete/size_fit/concrete10.png 1.16336 1.16336 14.6997 1 13730.7 -509.505 
1 223 qorud/skyplatform/drink.png 0.27242 0.27242 0 1 14278.7 17.3625 
1 44 building/building02.png 1.50002 1.50002 -0.156918 1 7338.32 -19.7459 
1 45 skyplatform/sky_platform02.png 1.30044 1.30044 0 1 7338.32 -59.5328 
1 46 background/as_under.png 1 1 0 1 1122.15 -1078.25 
0 43 qorud/building/building01.png 0.905025 1.21359 0.55356 1 16590.4 256.878 
1 47 background/as_under.png 1 1 0 1 1675.27 -1085.28 
0 44 building/building01.png 1.05996 1.05996 0 2.5 -15024.1 -977.127 
0 45 qorud/building/building01.png 1.43803 1.7466 0.0812378 1 16668.2 545.346 
1 48 background/underground.png 1 1 -0.178116 1 14693.5 -392.277 
1 49 background/a04.png 0.618196 0.618196 -89.5586 1 24780.7 1005.7 
0 46 qorud/building/building02.png 1.83559 1.83559 3.3764 1 19613.4 601.791 
0 47 concrete/size_fit/concrete12.png 1.03757 1.03757 23.6789 1 -1072.23 -711.196 
1 51 asphart/high.png 0.95 0.95 0 1 4930.07 -880.95 
0 49 concrete/size_fit/concrete05.png 0.753308 0.753308 -39.955 1 -1003.11 -809.7 
0 50 deco/warning01.png 0.321129 0.321129 -96.7292 1 -1201.02 -830.194 
1 53 background/a04.png 0.618196 0.618196 -89.5586 1 24785 523.241 
1 54 building/building01.png 0.875055 0.875055 0 1 -6690.75 -226.821 
1 55 deco/warning02.png 0.256716 0.256716 -62.6816 1 -6785.63 -504.094 
1 56 asphart/high.png 0.95 0.95 0 1 -3053.31 -705.221 
1 57 asphart/br_right.png 0.910914 0.910914 0 1 -124.478 -650.726 
1 58 asphart/up.png 0.95 0.95 0 1 -569.195 -757.082 
1 164 ailenplatform/b01.png 0.22517 0.22517 0 1 -596.941 -172.077 
1 59 asphart/up.png 0.95 0.95 0 1 -786.224 -858.857 
1 62 building/building03.png 0.691439 1 0 1 -1716.21 -3.88696 
1 64 qorud/asphart/br_right.png 0.95 0.95 0 1 14887.4 -178.035 
1 228 qorud/asphart/br_left.png 0.95 0.95 0 1 15191.1 -307.065 
1 70 deco/steelfence13.png 0.45198 0.45198 0 1 -1512.98 -785.01 
1 163 ailenplatform/b04.png 0.19 0.229 0 1 115.262 15.7474 
1 71 deco/steelfence13.png 0.315929 0.315929 0 1 -8557.75 -240.383 
1 72 asphart/01.png 0.95 0.95 0 1 -8468.7 -486.925 
1 238 background/as_under.png 1 1 0 1 -4440.29 -850.406 
1 73 qorud/asphart/br_left.png 0.95 0.95 0 1 14417.2 -177.049 
1 76 asphart/high.png 0.95 0.95 0 1 6722.08 -881.131 
1 365 ailenplatform/b03.png 0.329201 0.329201 0 1 407.029 -238.349 
1 77 building/building06.png 1.30044 1.30044 -6.85076 1 13332.9 -222.834 
1 0 qorud/building/building04.png 1.28107 1.28107 -7.38955 0.7 9965.69 365.98 
1 80 building/building06.png 1.30044 1.30044 19.4626 1 10602 -305.266 
1 81 building/building03.png 0.691439 1 0 1 -2831.51 -4.61921 
1 82 concrete/size_fit/concrete01.png 1.44163 1.44163 -61.0449 1 -1596.92 -851.305 
1 83 building/building06.png 1.30044 1.30044 0 1 9646.62 -414.921 
1 84 deco/steelfence12.png 0.417272 0.417272 20.4654 1 10918.6 -229.203 
1 88 deco/steelfence13.png 0.477626 0.477626 -0.242864 1 9615.22 -453.282 
1 89 deco/steelfence12.png 0.417272 0.417272 0 1 5239.77 -447.963 
1 154 concrete/size_fit/concrete05.png 0.800871 0.800871 -46.5379 1 -3212.39 -341.906 
1 90 1/airconditioner03.png 0.377757 0.377757 0 1 5860.28 -352.757 
1 91 deco/steelfence11.png 0.477626 0.477626 -0.242864 1 10062.7 -456.462 
1 93 1/airconditioner03.png 0.377757 0.377757 0 1 5860.28 -197.271 
1 94 1/airconditioner03.png 0.377757 0.377757 0 1 5863.77 5.27028 
1 131 ailenplatform/b03.png 0.22517 0.22517 0 1 -3250.44 29.0055 
1 95 deco/steelfence12.png 0.50424 0.50424 0.066426 1 11393.2 -122.161 
1 97 qorud/asphart/03.png 1.00411 1.00411 6.64993 1 11823.9 -463.403 
1 99 background/a04.png 0.389706 0.389706 90 1 5046.5 -137.299 
1 103 concrete/size_fit/concrete11.png 1.03022 1.03022 -12.1144 1 4398.5 -691.547 
1 274 background/as_under.png 1 1 -0.178116 1 14265.1 -1196.22 
1 106 qorud/concrete/size_fit/concrete05.png 1.30167 1.30167 17.9943 1 11720.8 -571.665 
1 108 asphart/up.png 0.95 0.95 0 1 -843.836 -1033.88 
1 109 asphart/01.png -0.95 0.95 0 1 -1105.79 -1108.6 
1 111 asphart/up.png 0.95 0.95 0 1 -567.519 -900.967 
1 278 qorud/asphart/high.png 0.95 0.95 0 1 17085.9 -412.409 
1 112 skyplatform/monitor02.png 0.22517 0.22517 0 1 -2715.72 -120.194 
1 113 asphart/02.png 0.95 0.95 0 1 -5778.6 -604.274 
1 115 asphart/03.png 0.95 0.95 0 1 -5303.16 -604.573 
1 118 concrete/size_fit/concrete03.png 1.54024 1.54024 48.4279 1 4378.87 -395.47 
1 122 ailenplatform/b01.png 0.22517 0.22517 0 1 -5878.7 -209.331 
1 126 ailenplatform/b02.png 0.22517 0.22517 0 1 -4401.3 26.1015 
1 128 ailenplatform/b02.png 0.22517 0.22517 0 1 -4716.74 -288.981 
1 132 ailenplatform/b02.png 0.22517 0.22517 0 1 -3643.38 -131.511 
1 133 ailenplatform/b02.png 0.22517 0.22517 0 1 -3805.95 -265.466 
1 134 asphart/01.png 0.95 0.95 0 1 -7527.81 -485.133 
1 371 ailenplatform/b02.png 0.329201 0.329201 0 1 3436.06 -127.939 
1 135 ailenplatform/b03.png 0.22517 0.22517 0 1 -5541 190.514 
1 162 ailenplatform/b04.png -0.19 0.229 0 1 -279.551 -199.936 
1 137 ailenplatform/b01.png 0.22517 0.22517 0 1 -5062.17 188.573 
1 289 skyplatform/monitor02.png 0.213676 0.213676 0 1 17391.6 1248.82 
1 139 asphart/01.png 0.95 0.95 0 1 -2409 -544.547 
1 145 concrete/size_fit/concrete01.png 0.650023 0.650023 17.9943 1 -1447.59 -728.913 
1 147 concrete/size_fit/concrete10.png 0.565312 0.565312 -136.056 1 -1333.23 -710.947 
1 156 asphart/br_right.png 0.95 0.95 0 1 1867.75 -633.531 
1 148 concrete/size_fit/concrete12.png 0.641295 0.641295 -25.0451 1 -1485.9 -558.016 
1 290 skyplatform/monitor02.png 0.213676 0.213676 0 1 17773.1 1383.3 
1 151 asphart/03.png 0.95 0.95 0 1 -2879.34 -543.872 
1 252 background/as_under.png 1 1 0 1 12505 -594.314 
1 152 concrete/size_fit/concrete04.png 1 1 -66.344 1 -3082.99 -381.927 
1 157 ailenplatform/b04.png 0.19 0.229 0 1 -5591.84 -121.595 
1 158 deco/underground.png 1.96483 1.96483 0 1 19507.1 -468.6 
1 372 ailenplatform/b03.png 0.329201 0.329201 0 1 3520.82 -129.552 
1 159 ailenplatform/b04.png 0.19 0.229 0 1 -5670.89 -179.709 
1 160 ailenplatform/b03.png 0.22517 0.22517 0 1 290.728 102.947 
1 364 ailenplatform/b02.png 0.329201 0.329201 0 1 243.244 -239.404 
1 2 qorud/asphart/br_right.png 0.95 0.95 0 1 14888.6 -177.196 
1 325 background/as_under.png 0.543814 0.543814 -36.7188 1 21753.2 170.42 
1 165 ailenplatform/b02.png 0.22517 0.22517 0 1 716.931 -53.1133 
1 166 ailenplatform/b03.png 0.22517 0.22517 0 1 829.498 -53.1883 
1 167 ailenplatform/b01.png 0.22517 0.22517 0 1 605.054 -53.5139 
1 170 ailenplatform/b01.png 0.22517 0.22517 0 1 181.204 -598.813 
1 172 ailenplatform/b02.png 0.22517 0.22517 0 1 293.643 -598.734 
1 175 building/bbuilding2.png 3.12339 3.12339 0 1 17589.6 1040.53 
1 176 concrete/size_fit/concrete04.png 1 1 17.9943 1 4376.46 -564.545 
1 177 background/a04.png 0.389706 0.389706 89.6093 1 5045.93 -454.39 
1 180 asphart/high.png 0.95 0.95 0 1 5784.39 -880.538 
1 181 1/building09.png -0.951841 -0.951841 -178.879 1 6286.54 -253.223 
1 183 asphart/high.png 0.95 0.95 0 1 5311.61 -880.281 
1 185 asphart/up.png 0.95 0.95 0 1 10940.3 -465.181 
1 188 ailenplatform/b02.png 0.22517 0.22517 0 1 -4605.51 -288.201 
1 190 asphart/high.png 0.95 0.95 0 1 8139.49 -881.668 
1 193 ailenplatform/b03.png 0.22517 0.22517 0 1 -4176.95 25.8045 
1 194 ailenplatform/b03.png 0.22517 0.22517 0 1 405.525 -599.158 
1 195 asphart/high.png 0.95 0.95 0 1 7193.34 -881.251 
1 196 ailenplatform/b01.png 0.22517 0.22517 0 1 -3780.13 121.096 
1 327 background/as_under.png 0.543814 0.543814 -36.7188 1 21786 -48.691 
1 198 concrete/size_fit/concrete05.png 0.505395 0.505395 -111.643 1 -8607.81 -420.156 
1 200 asphart/01.png 0.95 0.95 0 1 -7995.99 -486.093 
1 273 background/as_under.png 1 1 -0.178116 1 15194.5 -1114 
1 201 concrete/extra/rock.png -0.15 0.2 13.2152 1 -7300.73 -435.639 
1 203 asphart/high.png 0.95 0.95 0 1 9086.52 -882.186 
1 204 skyplatform/jpg1.png 0.260105 0.260105 0 1 5865.18 -572.496 
1 207 qorud/asphart/up.png 0.95 0.95 0 1 10495.1 -674.614 
1 208 qorud/asphart/up.png 0.95 0.95 0 1 10938.8 -467.211 
1 210 qorud/asphart/br_right.png 0.95 0.95 0 1 11396.6 -362.852 
1 211 qorud/asphart/br_right.png 0.95 0.95 0 1 12743.9 -358.206 
1 213 asphart/high.png 0.95 0.95 0 1 8613.6 -881.191 
1 216 qorud/deco/warning02.png 0.321129 0.321129 130.353 1 13506.9 -458.679 
1 1 qorud/building/building03.png 0.691439 1 0.492714 1 14647.5 364.6 
1 309 background/a04.png 0.618196 0.618196 -36.1288 1 21218.3 835.869 
1 219 deco/steelfence12.png 0.401937 0.401937 0.092334 1 12777 -66.3191 
1 220 deco/warning01.png 0.226813 0.226813 0 1 12517.5 -156.323 
1 221 concrete/extra/rock01.png 0.451662 0.451662 0.074014 1 1908.96 -468.122 
1 318 background/as_under.png 0.543814 0.543814 -33.0362 1 21850.2 245.384 
1 222 concrete/extra/rock.png 0.325889 0.325889 1.51 1 14449.2 -161.689 
1 359 background/as_under.png 0.543814 0.543814 -22.9466 1 21974.4 -236.707 
1 224 qorud/building/building03.png 0.691439 1 18.132 1 13923.4 162.555 
1 227 qorud/concrete/size_fit/concrete10.png 0.52149 0.52149 7.0256 1 14914.7 -169.675 
1 231 qorud/asphart/03.png 0.95 0.95 0 1 16139.5 -307.162 
1 345 background/as_under.png 0.543814 0.543814 -22.9466 1 20987.7 293.737 
1 232 qorud/asphart/03.png 0.95 0.95 0 1 16613.2 -307.373 
1 235 background/as_under.png 1 1 0 1 -8309.88 -715.988 
1 236 background/as_under.png 1 1 0 1 -7249.18 -710.132 
1 237 background/as_under.png 1 1 0 1 -5197 -850.917 
1 240 background/as_under.png 1 1 0 1 -3253.11 -961.683 
1 242 background/as_under.png 1 1 0 1 -506.583 -1329.65 
1 247 background/as_under.png 1 1 0 1 10164.9 -1212.54 
1 374 ailenplatform/b03.png 0.329201 0.329201 0 1 2824.31 -501.438 
1 248 background/as_under.png 1 1 0 1 11103.7 -813.568 
1 249 background/as_under.png 1 1 0 1 11436.6 -1075.02 
1 254 background/as_under.png 1 1 0 1 12946.2 -1155.98 
1 255 background/as_under.png 1 1 0 1 12581.7 -611.144 
1 260 background/as_under.png 1 1 -0.178116 1 13864.1 -996.202 
1 261 background/as_under.png 1 1 -0.178116 1 14400.8 -822.343 
1 262 asphart/high.png 0.95 0.95 0 1 6248.9 -880.403 
1 263 background/as_under.png 1 1 -0.178116 1 14576.9 -1070.45 
1 264 background/as_under.png 1 1 -0.178116 1 14849.4 -648.422 
1 267 background/as_under.png 1 1 -0.178116 1 16276.4 -749.818 
1 268 background/as_under.png 1 1 -0.178116 1 16501.7 -547.026 
1 270 background/as_under.png 1 1 -0.178116 1 16484.4 -783.154 
1 275 background/as_under.png 1 1 -0.178116 1 10764.7 -1213.85 
1 279 qorud/asphart/high.png 0.95 0.95 0 1 17555.3 -412.261 
1 280 skyplatform/monitor02.png 0.213676 0.213676 0 1 17771.8 65.0508 
1 281 skyplatform/monitor02.png 0.213676 0.213676 0 1 17390.5 190.72 
1 282 skyplatform/monitor02.png 0.213676 0.213676 0 1 17774.9 319.676 
1 284 skyplatform/monitor02.png 0.213676 0.213676 0 1 17774 585.222 
1 286 skyplatform/monitor02.png 0.213676 0.213676 0 1 17774.4 849.829 
1 393 qorud/building/building05.png 0.917347 1.22591 0.497034 1 16224.8 124.715 
1 291 skyplatform/drink.png 0.297688 0.297688 0 1 5864.82 -582.043 
1 292 qorud/asphart/high.png 0.95 0.95 0 1 18030.6 -413.404 
1 293 qorud/asphart/high.png 0.95 0.95 0 1 18490.5 -413.483 
1 296 deco/steelfence13.png 0.382096 0.382096 0 1 18103.5 -115.791 
1 328 background/as_under.png 0.543814 0.543814 -4.15233 1 22068.9 52.7835 
1 297 deco/warning01.png 0.226813 0.226813 0 1 17787.5 -138.957 
1 302 background/a04.png 0.618196 0.618196 0 1 24078.3 245.417 
1 303 background/a04.png 0.618196 0.618196 0 1 23591.7 247.421 
1 304 background/a04.png 0.618196 0.618196 0 1 23102.8 246.379 
1 305 background/a04.png 0.618196 0.618196 0 1 22623.1 245.455 
1 307 background/a04.png 0.618196 0.618196 -32.9211 1 21855.6 384.331 
1 308 background/a04.png 0.618196 0.618196 -36.1288 1 21484.2 642.182 
1 311 background/a03.png 0.514106 0.514106 0 1 23230.8 924.415 
1 312 background/a03.png 0.514106 0.514106 0 1 23663.6 714.564 
1 313 background/a03.png 0.514106 0.514106 0 1 23325.4 487.385 
1 315 concrete/size_fit/concrete04.png 1 1 -171.157 1 -970.775 -961.005 
1 316 concrete/size_fit/concrete03.png 1.08667 1.08667 17.9943 1 -1018.97 -944.576 
1 317 background/as_under.png 0.543814 0.543814 0.147219 1 22242.5 122.289 
1 321 background/as_under.png 1 1 -0.178116 1 18457.7 -761.058 
1 323 background/as_under.png 0.543814 0.543814 -36.7188 1 21264 652.987 
1 324 background/as_under.png 0.543814 0.543814 -36.7188 1 21431.9 362.094 
1 326 background/as_under.png 0.543814 0.543814 -36.7188 1 21508.6 168.165 
1 329 background/as_under.png 0.543814 0.543814 -4.15233 1 21990.4 -91.5357 
1 331 background/as_under.png 0.543814 0.543814 0.133185 1 22402.2 3.17377 
1 332 background/as_under.png 0.543814 0.543814 0.133185 1 22577.4 -116.341 
1 333 background/as_under.png 0.543814 0.543814 0.133185 1 22738 12.1937 
1 335 background/as_under.png 0.543814 0.543814 0.133185 1 23699.5 -144.457 
1 337 background/as_under.png 0.543814 0.543814 0.133185 1 24141 -18.1781 
1 338 background/as_under.png 0.543814 0.543814 0.133185 1 24517 -20.4331 
1 339 background/as_under.png 0.543814 0.543814 0.133185 1 24371 -157.987 
1 344 background/as_under.png 0.543814 0.543814 -22.9466 1 21186.6 309.522 
1 346 background/as_under.png 0.543814 0.543814 -22.9466 1 21398.3 88.5327 
1 349 background/as_under.png 0.543814 0.543814 -22.9466 1 21655 -109.697 
1 351 background/as_under.png 0.543814 0.543814 -22.9466 1 21377.1 0.47859 
1 352 background/as_under.png 0.543814 0.543814 -22.9466 1 20877.4 207.546 
1 355 background/as_under.png 0.543814 0.543814 -22.9466 1 20679.4 410.848 
1 356 background/as_under.png 0.543814 0.543814 -22.9466 1 20539.2 493.675 
1 392 ailenplatform/b01.png 0.329201 0.329201 0 1 2202.09 -453.127 
1 357 background/as_under.png 0.543814 0.543814 -22.9466 1 20530 369.435 
1 362 asphart/high.png 0.95 0.95 0 1 183.703 -908.533 
1 363 car/car03.png -0.468522 0.468522 -0.0666 1 -126.047 -675.344 
1 366 ailenplatform/b03.png 0.329201 0.329201 0 1 2513.51 -300.272 
1 367 ailenplatform/b01.png 0.329201 0.329201 0 1 2452.52 -300.151 
1 368 ailenplatform/b01.png 0.329201 0.329201 0 1 2783.51 -132.804 
1 370 ailenplatform/b02.png 0.329201 0.329201 0 1 3111.91 -130.784 
1 375 ailenplatform/b01.png 0.329201 0.329201 0 1 2660.87 -501.777 
1 376 ailenplatform/b03.png 0.329201 0.329201 0 1 3809.16 -521.294 
1 377 ailenplatform/b01.png 0.329201 0.329201 0.25869 1 3645.95 -521.845 
1 378 ailenplatform/b01.png 0.329201 0.329201 0.25869 1 4045.36 -346.344 
1 379 ailenplatform/b03.png 0.329201 0.329201 0 1 4119.65 -346.064 
1 380 ailenplatform/b03.png 0.329201 0.329201 0 1 3974.31 -170.963 
1 381 ailenplatform/b03.png 0.329201 0.329201 0 1 4272.86 -36.2864 
1 382 ailenplatform/b03.png 0.329201 0.329201 0 1 4648.6 72.6366 
1 383 ailenplatform/b01.png 0.329201 0.329201 0.25869 1 4499.09 72.7384 
1 384 asphart/br_left.png 0.95 0.95 0 1 -6241.56 -603.911 
1 386 ailenplatform/b02.png 0.22517 0.22517 0 1 -4288.98 26.1572 
1 391 ailenplatform/b03.png 0.329201 0.329201 0 1 2292.8 -452.977 
