1 1 17276.4 732.307 
1 1 17519.4 733.599 
2 1 13631.5 78.2802 
2 1 13785.9 132.1 
3 0 18937.4 1211.45 
3 0 20205.1 1173.61 
3 0 20485.6 1018.05 
4 1 5737.04 -309.477 
4 1 5961.57 -309.477 
5 1 -3700.01 -118.259 
5 1 -3586.38 -117.336 
6 1 7.47114 -229.491 
6 1 487.772 -228.298 
7 1 1651.3 -571.066 
7 1 1810.59 -489.187 
7 1 1970.74 -387.658 
8 1 17659 1128.45 
8 1 17899.5 1127.16 
9 1 17275.5 1260.19 
9 1 17516 1260.19 
10 0 2370.97 -289.772 
10 0 2596.77 -291.065 
11 1 17659.1 1372.72 
11 1 17905.7 1374.38 
11 1 18584.1 1352.8 
12 1 -5405.1 -360.291 
12 1 -5141.14 -359.745 
13 0 4127.61 -25.7986 
13 0 4354.65 -25.7986 
14 1 17659.9 333.952 
14 1 17900.2 334.921 
15 1 -4569.32 38.0694 
15 1 -4120.46 38.0694 
16 1 549.061 -38.9511 
16 1 885.847 -39.7952 
17 1 17639.2 -122.189 
17 1 17824.3 -122.189 
18 1 17278.9 470.406 
18 1 17522.7 471.698 
19 1 23421.2 716.293 
19 1 23906.5 717.55 
20 0 17907.2 -338.203 
20 0 17903.7 1396.63 
21 1 17274.7 998.377 
21 1 17520.2 1000.36 
22 0 -6815.8 -311.299 
22 0 -6798.83 -469.738 
22 0 -6849.73 -528.513 
22 0 -6849.73 -684.396 
23 0 13488.2 -283.945 
23 0 14380.7 -284.872 
24 1 133.634 -596.149 
24 1 472.962 -596.149 
25 0 9283.6 -160.478 
25 0 9282.36 -781.111 
26 1 68.89 -1.17232 
26 1 233.41 116.513 
26 1 346.145 117.272 
27 0 11622 -447.99 
27 0 12056.2 -395.881 
28 0 5457.01 302.297 
28 0 5459.04 -364.91 
29 0 5438.7 -363.225 
29 0 5437.69 298.928 
30 1 -3862.65 -254.84 
30 1 -3748.47 -252.994 
31 0 4113.64 -779.454 
31 0 4173.88 -606.062 
31 0 4232.51 -538.047 
31 0 4275.69 -437.374 
31 0 4350.46 -421.559 
31 0 4425.23 -318.765 
31 0 4525.73 -300.619 
31 0 4571.66 -227.788 
31 0 4627.16 -148.827 
31 0 4712.92 -113.503 
31 0 4796.49 -103.217 
31 0 4835.69 -36.6205 
31 0 4877.73 46.4958 
31 0 4965.18 67.2749 
31 0 5056.77 48.0187 
31 0 5054.29 -770.861 
32 1 447.818 -394.889 
32 1 672.086 -395.592 
33 1 5751.53 45.3066 
33 1 5964.9 45.3066 
34 0 4457.34 89.3262 
34 0 4784.47 87.3038 
35 1 22987.3 927.632 
35 1 23474.5 925.119 
36 1 14337.5 370.924 
36 1 14509.5 374.288 
37 1 5452.18 -263.596 
37 1 5670.01 -262.285 
38 1 -6378.1 -360.709 
38 1 -6182.22 -364.527 
39 0 12073.2 -300.348 
39 0 12960.4 -300.348 
40 1 5460 -64.3422 
40 1 5672.24 -66.964 
41 0 2578.21 -495.41 
41 0 2906.97 -492.825 
42 1 -292.562 -595.138 
42 1 -100.084 -596.099 
43 1 15222.1 97.3095 
43 1 15517.7 -34.9133 
44 1 14927.6 317.681 
44 1 15126.2 222.939 
45 0 -6474.52 -411.615 
45 0 -6449.09 -566.623 
45 0 -5954 -578.323 
45 0 -4305.58 -575.976 
45 0 -3862.93 -363.639 
45 0 -3433.09 -362.006 
45 0 -3356.29 -231.888 
45 0 -3259.74 -170.405 
45 0 -3137.75 -154.252 
45 0 -3136.21 -360.306 
45 0 -3080.28 -328.294 
45 0 -3032.49 -368.73 
45 0 -3037.1 -527.196 
45 0 -1581.48 -524.083 
45 0 -1465.18 -545.048 
45 0 -1419.48 -610.334 
45 0 -1352.92 -669.791 
45 0 -1232.93 -664.34 
45 0 -998.233 -683.556 
45 0 -868.603 -1036.05 
45 0 -365.203 -786.938 
45 0 800.413 -785.253 
45 0 1157.8 -612.231 
45 0 2102.43 -613.464 
46 1 18952 1439.5 
46 1 18947 1075.73 
47 0 3816.59 -162.985 
47 0 4057.05 -160.962 
48 1 5461.09 138.379 
48 1 5680.04 139.69 
49 0 5024.33 -735.512 
49 0 5511.38 -735.512 
49 0 6126.9 -734.201 
49 0 6117.96 167.683 
50 0 24784.9 234.065 
50 0 24782 1306.97 
51 1 -4885.19 -276.988 
51 1 -4437.91 -275.143 
52 1 -5118.41 201.902 
52 1 -4894.67 201.902 
53 1 13553.4 401.737 
53 1 14063.9 568.241 
54 0 17271.8 1391.99 
54 0 17272.7 197.467 
55 1 -59.1891 -660.868 
55 1 82.1183 -671.707 
56 1 17273 204.792 
56 1 17518.5 204.792 
57 0 2122.45 -440.488 
57 0 2376.73 -439.842 
58 1 23083 495.087 
58 1 23568.2 495.087 
59 1 5567.24 -683.077 
59 1 5749.32 -483.823 
60 1 8722.87 -94.0488 
60 1 8926.14 -1.6343 
60 1 9126.72 -93.022 
61 1 5744.85 -157.415 
61 1 5961.57 -158.726 
62 1 17658.2 864.05 
62 1 17900.3 862.759 
63 1 -5108.06 -241.598 
63 1 -4907.05 -65.7392 
64 1 -3520.9 32.1675 
64 1 -3183.73 33.1217 
65 1 5799.24 -455.045 
65 1 5921.25 -456.636 
66 0 -8698.68 -460.885 
66 0 -7284 -461.689 
66 0 -7229.59 -414.63 
66 0 -7167.24 -378.063 
66 0 -7076.91 -376.963 
66 0 -7020.36 -331.849 
66 0 -6914.1 -334.05 
66 0 -6883.55 -271.33 
66 0 -6813.63 -311.442 
66 0 -6818.61 -201.392 
66 0 -6754.55 -199.707 
67 1 22889 1212.58 
67 1 22878.1 135.719 
68 0 20534.6 966.397 
68 0 21035.7 968.111 
69 0 14981.1 -271.508 
69 0 17916.5 -263.618 
70 1 17659 603.897 
70 1 17902 603.897 
71 0 3962.45 -338.929 
71 0 4202.31 -334.884 
72 1 -5708.8 203.275 
72 1 -5484.86 203.275 
73 1 -3120.7 -123.023 
73 1 -2025.34 -124.036 
73 1 -1806.21 -301.035 
74 0 21035.7 968.111 
74 0 22052.1 236.044 
74 0 24785.1 250.104 
75 1 -5935.44 -198.015 
75 1 -5711.06 -194.704 
75 1 -5550.85 -76.6468 
75 1 -5329.32 -79.4 
76 0 3564.3 -513.694 
76 0 3893.27 -510.661 
77 1 -3836.08 138.064 
77 1 -3612.91 136.969 
78 0 12991 -328.884 
78 0 13283.8 -480.248 
78 0 13723.8 -479.007 
79 1 5441.58 293.993 
79 1 5825.66 293.993 
79 1 5836.46 219.937 
79 1 5909.41 181.12 
79 1 5978.01 139.9 
79 1 6136.8 201.947 
79 1 6455.97 189.251 
79 1 6456.87 113.075 
79 1 6520.88 94.031 
79 1 6537.11 42.189 
79 1 6577.68 28.4349 
80 1 8245.75 -135.039 
80 1 9423.28 -133.545 
81 0 -6597.42 -235.685 
81 0 -6577.11 -178.437 
81 0 -6471.32 -225.575 
82 0 2700.96 -123.638 
82 0 3602.28 -116.659 
83 1 -653.296 -159.275 
83 1 -315.299 -157.651 
83 1 -159.724 -275.503 
84 1 -6125.76 -437.067 
84 1 -6010.54 -442.794 
85 1 6722.54 -118.47 
85 1 7950.56 -117.132 
86 0 8382.79 -739.357 
86 0 10268.1 -734.48 
86 0 11157.8 -327.272 
86 0 11619.3 -330.13 
87 1 17659.8 69.2922 
87 1 17892.3 67.9435 
88 1 20448.6 918.356 
88 1 20517.3 1213.43 
