1 0 -6455.02 -578.583 
1 0 -6358.43 -578.323 
1 0 -5954 -578.323 
1 0 -4791.54 -585.499 
1 0 -4330.54 -377.874 
1 0 -3434.58 -376.064 
1 0 -3390.31 -290.149 
1 0 -3259.74 -170.405 
1 0 -3137.75 -154.252 
1 0 -3136.21 -360.306 
1 0 -3080.28 -328.294 
1 0 -3032.49 -368.73 
1 0 -3037.1 -527.196 
1 0 -1581.48 -524.083 
1 0 -1465.18 -545.048 
1 0 -1419.48 -610.334 
1 0 -1352.92 -669.791 
1 0 -1241.65 -601.008 
1 0 -959.501 -649.972 
1 0 -868.603 -1036.05 
1 0 -365.203 -786.938 
1 0 800.413 -785.253 
1 0 1157.8 -612.231 
1 0 2102.43 -613.464 
1 0 2102.38 -802.748 
2 1 3830.96 -160.207 
2 1 4027.5 -160.207 
3 1 -59.1891 -660.868 
3 1 82.1183 -671.707 
4 1 -4750.55 23.7019 
4 1 -4411.78 25.8319 
5 1 -3615.25 -233.033 
5 1 -3502.08 -232.556 
6 0 -6597.42 -235.685 
6 0 -6577.11 -178.437 
6 0 -6471.32 -225.575 
7 1 -292.562 -595.138 
7 1 -100.084 -596.099 
8 1 -5405.1 -360.291 
8 1 -5141.14 -359.745 
9 1 -3562.89 399.004 
9 1 -3337.41 397.876 
10 1 5461.09 138.379 
10 1 5680.04 139.69 
11 1 416.564 -430.616 
11 1 644.584 -431.01 
12 0 -8698.68 -460.885 
12 0 -7284 -461.689 
12 0 -7229.59 -414.63 
12 0 -7167.24 -378.063 
12 0 -7076.91 -376.963 
12 0 -7020.36 -331.849 
12 0 -6914.1 -334.05 
12 0 -6883.55 -271.33 
12 0 -6813.63 -311.442 
12 0 -6818.61 -201.392 
12 0 -6754.55 -199.707 
13 1 2701.49 -123.326 
13 1 3601.53 -123.776 
14 1 3555.81 -512.33 
14 1 3892.42 -511.88 
15 1 2371.03 -300.848 
15 1 2550.83 -302.225 
16 1 -5982.43 -236.996 
16 1 -5749.24 -234.725 
16 1 -5589.85 -119.192 
16 1 -5375.06 -120.202 
17 1 555.552 -51.648 
17 1 891.77 -50.8028 
18 1 -6363.41 -365.817 
18 1 -6163.78 -367.255 
19 1 -6120.38 -426.213 
19 1 -5989.32 -437.717 
20 1 29.8614 -157.331 
20 1 131.758 -157.753 
20 1 303.549 -284.843 
21 1 5460 -64.3422 
21 1 5672.24 -66.964 
22 1 -3994.84 397.584 
22 1 -3773.47 399.546 
23 1 -3803.85 -176.732 
23 1 -3689.52 -176.255 
24 1 5751.53 45.3066 
24 1 5964.9 45.3066 
25 0 5024.33 -735.512 
25 0 5511.38 -735.512 
25 0 6126.9 -734.201 
25 0 6117.96 167.683 
26 1 4015.93 -350.222 
26 1 4198.08 -350.672 
27 1 5567.24 -683.077 
27 1 5749.32 -483.823 
28 1 5744.85 -157.415 
28 1 5961.57 -158.726 
29 1 -5092.51 -244.999 
29 1 -4903.72 -86.3826 
30 0 2101.1 -800.63 
30 0 4113.64 -779.454 
30 0 4173.88 -606.062 
30 0 4232.51 -538.047 
30 0 4275.69 -437.374 
30 0 4350.46 -421.559 
30 0 4425.23 -318.765 
30 0 4525.73 -300.619 
30 0 4571.66 -227.788 
30 0 4627.16 -148.827 
30 0 4712.92 -113.503 
30 0 4796.49 -103.217 
30 0 4835.69 -36.6205 
30 0 4877.73 46.4958 
30 0 4965.18 67.2749 
30 0 5056.77 48.0187 
30 0 5054.29 -770.861 
31 1 2521.49 -582.096 
31 1 2794.04 -581.504 
32 1 5452.18 -263.596 
32 1 5670.01 -262.285 
33 1 2152.28 -458.291 
33 1 2355.45 -457.728 
34 1 4129.61 -34.6626 
34 1 4347.33 -34.6626 
35 1 4477.69 76.2838 
35 1 4684.01 77.1833 
36 1 133.634 -596.149 
36 1 472.962 -596.149 
37 1 5737.04 -309.477 
37 1 5961.57 -309.477 
38 1 -3796.3 118.728 
38 1 -3683.49 119.205 
39 1 -3120.7 -123.023 
39 1 -2025.34 -124.036 
39 1 -1806.21 -301.035 
40 1 4344.15 -170 
40 1 4530.91 -170 
41 1 -4293.38 -73.5255 
41 1 -3845.48 -71.6231 
42 1 -3520.9 32.1675 
42 1 -3183.73 33.1217 
43 1 223.753 -8.42297 
43 1 377.434 104.888 
43 1 499.701 104.325 
44 1 5799.24 -455.045 
44 1 5921.25 -456.636 
45 1 5441.58 293.993 
45 1 5825.66 293.993 
45 1 5818.44 217.817 
45 1 5871.64 187.135 
45 1 5914.01 154.337 
45 1 5978.93 134.235 
45 1 6136.8 201.947 
45 1 6455.97 189.251 
45 1 6456.87 113.075 
45 1 6520.88 94.031 
45 1 6537.11 42.189 
45 1 6577.68 28.4349 
